0 0.4349658933402269 0.08115570893796234 0.1480567866804538 0.11183300050420311
0 0.5521352120066816 0.08778775721259247 0.13864542401336308 0.10805243664223267
0 0.44045282467377245 0.0831006211907784 0.10903064934754489 0.1122264844126597
0 0.4417442466979531 0.2611709908689475 0.2465862880330894 0.26079466041123067
0 0.25687090205281576 0.4067080939513702 0.2084135786919079 0.20035990496334896
0 0.6446863386775904 0.12548413518863483 0.16749767735518084 0.1725191282281439
0 0.6669891473583626 0.23086540387806825 0.22761811203054413 0.24073353268728984
0 0.7952686886934988 0.25310602665833054 0.11695223734881743 0.12214778763096837
0 0.9477397080283169 0.5739151894153498 0.10452058394336632 0.18889824505632155
0 0.8446248933799978 0.40253222629001345 0.22131356802990787 0.23560899011264294
0 0.6680720313892247 0.45809989323440653 0.31192038669636235 0.24038360744502346
0 0.5526299394095874 0.5999053449597763 0.28294195870463457 0.2992451552154506
0 0.5107344354312227 0.7562210469372478 0.20547039202736245 0.21576638367602552
0 0.8340339334022696 0.5657206411407196 0.15174540802036277 0.16048902179152655
0 0.8118327640833598 0.6703317314857935 0.17703630935708964 0.1872371920901143
0 0.9021004913669529 0.6847545004273284 0.19579901726609422 0.2672196230323639
0 0.7089639447803584 0.8606034542848227 0.43786581604072533 0.2787930914303548
0 0.7342553934595396 0.9563610276175606 0.25761360001590833 0.08727794476487886
0 0.35611801873804216 0.5502556341802286 0.10276246801399935 0.11022694183801285
0 0.30396736211008585 0.8315331313302371 0.2950601507001803 0.2673067403647444
0 0.1859269814608123 0.9417393857697125 0.1982931440165447 0.11652122846057508
0 0.15556403540736025 0.5557468914696957 0.3032010093889065 0.4302437829393913
0 0.23852253341817792 0.6411705752619368 0.172276084022908 0.18065941015912906
0 0.18803799136695298 0.2606036362739156 0.3753487293920882 0.4587072725478312