0 0.45859375 0.44453125 0.2046875 0.240625
0 0.5265625 0.73046875 0.23203125 0.4046875
0 0.93984375 0.9296875 0.1203125 0.13984375
0 0.159375 0.403125 0.0921875 0.11484375
0 0.23984375 0.7796875 0.396875 0.321875
0 0.2078125 0.61484375 0.19765625 0.121875
0 0.71171875 0.17421875 0.36875 0.33359375
0 0.8640625 0.1265625 0.08203125 0.05703125
0 0.9734375 0.22265625 0.053125 0.0796875
0 0.93984375 0.07421875 0.1203125 0.09609375
0 0.17421875 0.234375 0.27421875 0.303125
0 0.10859375 0.053125 0.21171875 0.10625
0 0.08203125 0.50234375 0.1640625 0.21796875
0 0.375 0.45078125 0.25078125 0.228125
0 0.72890625 0.48515625 0.0078125 0.01015625
0 0.84375 0.51484375 0.08515625 0.0609375
0 0.93046875 0.66328125 0.1390625 0.146875
0 0.65859375 0.1265625 0.10078125 0.13046875
0 0.79375 0.265625 0.10703125 0.08359375