0 0.39296875 0.17471547281560432 0.0890625 0.09165395407749281
0 0.37734375 0.1695733317493775 0.0921875 0.09643238229073817
0 0.184375 0.5202085145814763 0.1609375 0.17499530298213628
0 0.12734375 0.7404240746897486 0.11875 0.12220527210332363
0 0.05625 0.5094492078384165 0.1046875 0.11398359514371954
0 0.1171875 0.6393473079967011 0.0953125 0.08558581050398359
0 0.21171875 0.9346310642649073 0.1734375 0.1307378714701855
0 0.3578125 0.895567530416594 0.109375 0.1297449874635877
0 0.50234375 0.9358478864473734 0.1578125 0.12830422710525333
0 0.52734375 0.8067503859851548 0.084375 0.10714256175762493
0 0.31484375 0.6052547674844703 0.1 0.10134720282385157
0 0.3734375 0.7358659214828208 0.1 0.10290970282385156
0 0.5359375 0.6132504385715796 0.1609375 0.16718280298213611
0 0.625 0.7494356426490725 0.065625 0.1394094924781525
0 0.8125 0.7103600854437941 0.2109375 0.21707515439406197
0 0.940625 0.635963142186854 0.11875 0.1362677721033238
0 0.3046875 0.2877717507914228 0.1203125 0.12225073620994645
0 0.190625 0.3336716210079671 0.121875 0.12542120031656917
0 0.30390625 0.1775927687381115 0.0890625 0.09009145407749282
0 0.56484375 0.13987277454409922 0.1515625 0.15441001834240006
0 0.56171875 0.3265005963308539 0.1453125 0.14954066191590937
0 0.4484375 0.3552356986007095 0.1390625 0.1431088054894186
0 0.78046875 0.2867718212580292 0.1546875 0.2795009465556454
0 0.82421875 0.4013260662434643 0.1421875 0.14632473370266402
0 0.7265625 0.4578595595795467 0.128125 0.12872805674305993
0 0.9015625 0.462951539521287 0.125 0.1317621285298145