0 0.0765625 0.17265625 0.15234375 0.31875
0 0.06484375 0.45 0.1296875 0.30625
0 0.19140625 0.51484375 0.21796875 0.3109375
0 0.240625 0.46484375 0.12578125 0.146875
0 0.2546875 0.29296875 0.24296875 0.1703125
0 0.2421875 0.1859375 0.22109375 0.17265625
0 0.35 0.18515625 0.2109375 0.14140625
0 0.43515625 0.20546875 0.05078125 0.07421875
0 0.66875 0.375 0.45078125 0.4015625
0 0.67734375 0.20703125 0.153125 0.0859375
0 0.59375 0.13984375 0.225 0.13515625
0 0.4421875 0.45078125 0.1875 0.19765625
0 0.69765625 0.41484375 0.36484375 0.31015625
0 0.73984375 0.35390625 0.1015625 0.10546875
0 0.79375 0.48046875 0.13515625 0.153125
0 0.61796875 0.36796875 0.159375 0.14921875
0 0.84140625 0.0984375 0.3171875 0.196875
0 0.86015625 0.09140625 0.265625 0.1578125
0 0.8734375 0.0890625 0.196875 0.1046875
0 0.3328125 0.50546875 0.11875 0.13125
0 0.63828125 0.615625 0.06953125 0.209375
0 0.35 0.72890625 0.31171875 0.20234375
0 0.41953125 0.73515625 0.18984375 0.14921875
0 0.428125 0.65546875 0.140625 0.1
0 0.63515625 0.509375 0.16015625 0.07734375
0 0.58515625 0.80703125 0.10703125 0.24140625
0 0.55234375 0.68203125 0.0734375 0.0859375
0 0.62578125 0.6515625 0.1046875 0.09296875
0 0.7359375 0.6453125 0.06796875 0.06484375
0 0.290625 0.0609375 0.14375 0.065625
0 0.4171875 0.8984375 0.2640625 0.203125