0 0.2384822538583978 0.34921875 0.08682229282674854 0.0796875
0 0.2887118468013618 0.3078125 0.1420996547112475 0.1328125
0 0.298966649767569 0.2421875 0.13068155347041016 0.08125
0 0.2953446230323638 0.2015625 0.06018338317182241 0.05625
0 0.11430098072948888 0.584375 0.13083437278026225 0.128125
0 0.14995462144287997 0.51328125 0.07221348960843983 0.071875
0 0.3525443898802118 0.4609375 0.11803944183801285 0.1015625
0 0.44954471204005547 0.56328125 0.09383711733238069 0.090625
0 0.15611105833721417 0.72421875 0.17273764951546738 0.16875
0 0.24179718606115502 0.74296875 0.07021394703379284 0.065625
0 0.5944030160146687 0.79140625 0.06519866510280767 0.0609375
0 0.7119347234400218 0.78515625 0.04513753737886681 0.0421875
0 0.7269106053513366 0.47421875 0.09354218639013112 0.0640625
0 0.795496714385844 0.471875 0.06363616510280785 0.0609375
0 0.7409945207062458 0.60859375 0.07021394703379294 0.065625
0 0.7656995897639962 0.58203125 0.0585116225281606 0.0546875
0 0.7939667013963938 0.56171875 0.04848105866619044 0.0453125
0 0.8240094804773873 0.5109375 0.07210422896477801 0.0703125
0 0.8488184563400724 0.45234375 0.10375842055068922 0.0984375
0 0.9114987727999327 0.44375 0.0819162715394249 0.0765625
0 0.959543698836941 0.44140625 0.08091260232611788 0.06875
0 0.9490105724119452 0.39921875 0.10197885517610956 0.0953125
0 0.9336472883872731 0.3359375 0.05026207995351371 0.0484375
0 0.8046546490112643 0.021875 0.08430929802252862 0.04375
0 0.6187389283443594 0.04453125 0.04357503737886681 0.0421875
0 0.18150100829787325 0.09296875 0.09172831411407198 0.0828125
0 0.37206846615055483 0.9859375 0.061341691585911205 0.028125
0 0.9928198286161315 0.89296875 0.014360342767736966 0.0515625