0 0.5107067150493027 0.9071644267601172 0.09731595574818712 0.08202281570031075
0 0.6383736426757272 0.8394092374105178 0.20767987510244393 0.20999516823232475
0 0.6536753492524838 0.6129076505929322 0.19623295285270287 0.19842063140062188
0 0.4777720130251694 0.41869346096098414 0.11610449710451576 0.11739887357870131
0 0.386990693547078 0.2524229898295921 0.17006855913900915 0.17196454721387228
0 0.46555018713693724 0.22356297148432783 0.12253427956950454 0.08816639988706054
0 0.44287035835322086 0.14028003462439004 0.1143964478903042 0.11418286831702944
0 0.53675094499482 0.18808122681658687 0.0968065334984459 0.07108531570031093
0 0.5926713052100677 0.14408903213472846 0.09328342721213971 0.09581229991529541
0 0.6522603209258334 0.0779488216678545 0.1661772717116218 0.12187354195220046
0 0.7746233184446341 0.03708219901634173 0.1489512303552928 0.07416439803268346
0 0.9067017260120668 0.19238523506203048 0.13409251778268044 0.1355874314570916
0 0.8124704222452319 0.9107396638882863 0.21196065260503402 0.1011661998023559
0 0.8900409964808341 0.7597316297580063 0.21273124813797323 0.21808068401734032
0 0.9485576637681763 0.6873869219219684 0.0817637303552928 0.0826752630835923
0 0.9730769738404537 0.6348765719502032 0.053846052319092765 0.07202618942018653
0 0.905537332298373 0.49394773506203044 0.188925335403254 0.22625720506402763
0 0.979139652190749 0.5162784903942895 0.04172069561850193 0.18966871572854577
0 0.541609611248705 0.04385787386104996 0.3394692224974101 0.08771574772209992
0 0.3379238391227985 0.08750843429968905 0.300847678245597 0.1750168685993781