0 0.41953125 0.7671875 0.1828125 0.16640625
0 0.13515625 0.65546875 0.2 0.20234375
0 0.25078125 0.821875 0.23203125 0.18046875
0 0.18515625 0.48828125 0.2046875 0.21640625
0 0.16484375 0.31171875 0.1421875 0.1796875
0 0.5078125 0.0734375 0.21484375 0.146875
0 0.384375 0.12734375 0.22890625 0.1453125
0 0.26953125 0.23046875 0.21328125 0.16015625
0 0.38046875 0.28984375 0.16171875 0.14453125
0 0.37265625 0.4375 0.21953125 0.20546875
0 0.3390625 0.63203125 0.19609375 0.16953125
0 0.428125 0.92890625 0.21484375 0.1421875
0 0.6125 0.553125 0.10078125 0.14140625
0 0.64375 0.44609375 0.19375 0.11796875
0 0.628125 0.7375 0.13984375 0.12421875
0 0.853125 0.453125 0.078125 0.184375
0 0.75546875 0.64453125 0.1296875 0.2546875
0 0.58828125 0.253125 0.146875 0.23203125
0 0.7640625 0.33984375 0.15546875 0.140625
0 0.71796875 0.16953125 0.2375 0.23828125