0 0.8842639194654087 0.4929772989418041 0.0826482450563212 0.11505816016782511
0 0.9528511204344738 0.4146378887739789 0.09429775913105232 0.09749215186945541
0 0.5747903664992015 0.5824005321445719 0.12182000569998319 0.1195806394219007
0 0.6534505980618694 0.6290611219767467 0.10866444183801285 0.10925844606059662
0 0.6925948615555229 0.6834283906480787 0.08024451089576345 0.0806831601678251
0 0.6968288934865081 0.6878198927226711 0.09194683540139544 0.09244945435896632
0 0.8426112870498909 0.6610653707273468 0.06508940445914604 0.06399256763635801
0 0.6967260786161316 0.38309650392547023 0.06352690445914604 0.06387416846619498
0 0.7870397221795141 0.36054515247093344 0.05360560124083733 0.0553512734452168
0 0.6430280062041863 0.2104528319347904 0.13192697921687965 0.15298513527271584
0 0.7522555407330616 0.18882444043829721 0.05211951089576328 0.07855197510489073
0 0.5441809607795477 0.15589723172965336 0.11702324505632156 0.11766294191141169
0 0.9652338290327211 0.3061975041259629 0.0695323419345577 0.09233105518880329
0 0.4869308255140384 0.2694045472914189 0.14711493664223277 0.14791912697434614
0 0.3491301767548756 0.3316821721911725 0.08515053218308673 0.0841633576783142
0 0.3544510973055649 0.4302380713613355 0.05182457995351379 0.05210787427505377
0 0.29441445164849533 0.6162123827739162 0.08849405347041017 0.08752515601864026
0 0.7298824220632986 0.48661166761778035 0.11033620248167467 0.11093934523075966
0 0.6414254814857936 0.7603470107739476 0.05851162252816078 0.05883147095570571
0 0.5666165056231086 0.8249199188671803 0.10400979282674853 0.08714664772027056
0 0.4560557000590114 0.9173344070443255 0.09649222376899794 0.11299875269929238
0 0.22475325360629622 0.2602117591235623 0.15881726114786482 0.15968542116548728
0 0.06943233305560692 0.17302218028904964 0.08525979282674849 0.08572585767831424
0 0.11867712429287154 0.5627708419067673 0.05182457995351379 0.05210787427505377
0 0.2906888820865417 0.4955446852634271 0.11869500569998319 0.11934384108157463
0 0.5441745150062627 0.4590581205268542 0.09896165990702759 0.10386055103961844
0 0.8210098026372311 0.5543184632588141 0.11357046312533611 0.11273864357108572
0 0.0668368468013618 0.3043789240652723 0.0528079257464694 0.06617037427505376
0 0.07835849086894756 0.4354513253100277 0.07824496832111634 0.07431476099766207
0 0.13565109286608942 0.7044255456410337 0.13014595792955616 0.1497417361025528
0 0.9275322262900134 0.7747950613893587 0.046809298022528624 0.047065176764564676
0 0.8081702210942334 0.8199676966620746 0.08202553218308672 0.08392655933798814
0 0.8827385323583137 0.8418058852494938 0.0698861651028075 0.06591026514684692