0 0.5096650666391758 0.9372784066485631 0.07323892319868044 0.052742104851188645
0 0.4908863229073819 0.8839939099825429 0.09156302586424747 0.09320760818516831
0 0.42276680872161687 0.857447127560828 0.06271060015828453 0.06591178454774678
0 0.426644314989823 0.8023132174091071 0.07194920783841656 0.06198955909355419
0 0.39075829077492824 0.860843065592336 0.0675344924781525 0.07098192182065048
0 0.40178305581862306 0.728381380894808 0.06757995658477522 0.07254442182065049
0 0.36429977619345183 0.6781899333204022 0.08843802586424747 0.09295251666989941
0 0.33564123027094467 0.7698033484730928 0.11246655925034225 0.11517820303441742
0 0.2911183404583591 0.74681212968686 0.07718227711788864 0.08112219636645772
0 0.12413749663478771 0.17546277241977531 0.08356866943775673 0.08631987939699588
0 0.7278488330030187 0.30786274724574825 0.19456365690134447 0.20449553667377876
0 0.8156286631695506 0.06824902960712016 0.12868259263643722 0.13649805921424032