0 0.33484128067003904 0.10951772031134195 0.07385914065150559 0.10771404665416658
0 0.18325893330244425 0.05108192078245335 0.1040178666048885 0.07919806738935167
0 0.1229613287632733 0.15328967827532383 0.10467263103285877 0.09794806738935166
0 0.5911682140573014 0.49099933204578594 0.10323910580511537 0.14611216531583313
0 0.5440600902808367 0.5694373988694897 0.12931053248413776 0.13437358294074056
0 0.7356473895551974 0.5690641263908782 0.18434526206571747 0.19370891819055522
0 0.7882218072485448 0.6694639590487949 0.08408731252120454 0.08835845391148141
0 0.8089682945498552 0.37141672978397994 0.2000595421027846 0.15302512959490705
0 0.9073810018989164 0.44623009354467424 0.10807044954451328 0.1060339694628702
0 0.8318105722246694 0.4902446422250911 0.11971727767481433 0.12730337672018485
0 0.9517969014936878 0.5251944236106926 0.09640619701262451 0.10718636635259245
0 0.9177592073914702 0.6264350033938871 0.1644815852170595 0.19384561922731436
0 0.7159896871002773 0.8313789072108321 0.08090774881887378 0.08652255183796279
0 0.529747108337004 0.6725528369467583 0.08564981252120454 0.08849515494824053
0 0.44881453375008196 0.4068895892558325 0.17173613466105592 0.18949030989648108
0 0.38871533665263963 0.4701715477854623 0.11804565027015243 0.12404167568342572
0 0.704419693005909 0.4331464587659709 0.07589286660488845 0.07673744872768502
0 0.3080829286627568 0.7037858386901846 0.13739585099579193 0.14286958812453676
0 0.05113100189891655 0.37131792540060177 0.05886905771188107 0.0799212373233332
0 0.7456003199472347 0.9297133516496754 0.21926589908902622 0.1405732967006493
0 0.8365725495288145 0.9900739446751846 0.13419643992586644 0.019852110649630817
0 0.6035069790334259 0.30904599448689696 0.2298760168750409 0.20392324825657368
0 0.15521089980681632 0.6530258381245367 0.0806349303072194 0.07871005183796279
0 0.20886421177986664 0.9404472171537961 0.07216766587924912 0.059276546654166394