0 0.40897793452835024 0.49110181380465984 0.2652096381909875 0.2637746839486221
0 0.698216035586517 0.5799879391187698 0.3785702497101358 0.3785702497101358
0 0.8638264784498169 0.9710603807741217 0.1302610690954939 0.05787923845175662
0 0.3863844259035364 0.1801804181968065 0.1201207945496865 0.121555748792052
0 0.7691971837794442 0.2885018118478058 0.4359042597120755 0.43446930546971013
0 0.6006543489321349 0.24328555138682417 0.1825249418245299 0.18252494182452983
0 0.15589216400508582 0.733290216370337 0.31178432801017164 0.3961403869830395
0 0.05500932996702568 0.8868937063683973 0.07107751666989945 0.09116687606301568
0 0.14612892435723268 0.9831789039428032 0.0930164184866706 0.03364219211439377
0 0.028556981952974698 0.9450414330305381 0.057113963905949396 0.10991713393892369
0 0.21148014969073925 0.1839915890993731 0.3464593803150797 0.3464593803150798
0 0.05900833818128918 0.11194176166892959 0.11801667636257836 0.1676335233378592
0 0.4913427349970905 0.1179670738065995 0.24856453000581896 0.17394690940281482
0 0.42068045119824965 0.40554695107756344 0.2956304618284092 0.2941955075860436
0 0.43243231254822023 0.7722081636548787 0.008577774545807238 0.010012728788172609
0 0.45652390360444733 0.8913566474440213 0.08281224212409218 0.082812242124092
0 0.6030802970862688 0.9541762854658309 0.16916407242947357 0.09164742906833823
0 0.06883870309476058 0.6748560919743111 0.13767740618952115 0.13858375212603188
0 0.2032552534546661 0.8242816203131401 0.10306084030732103 0.12171524545807202