0 0.5428928413027985 0.820753224154549 0.29945105233436975 0.32559942927905433
0 0.8355712918816133 0.614064306662319 0.3288574162367734 0.38065511042013556
0 0.9586223840314577 0.3855497007902975 0.08275523193708452 0.11112589867609249
0 0.9083508262942418 0.18416721484892415 0.18329834741151635 0.3683344296978483
0 0.8936652419663179 0.10486693507453178 0.17692506299888783 0.17497438296032675
0 0.527525031499444 0.07413305107623853 0.24255006299888784 0.14826610215247707
0 0.32559778142885676 0.15406460773404834 0.3293205628577135 0.3081292154680967
0 0.5404932812876824 0.2819068939230907 0.4414859048663837 0.43661832009726387
0 0.5160855445124493 0.21254046381546687 0.3737831943995097 0.37113456120592375
0 0.33548507580013165 0.5280328389179108 0.2861474155309017 0.28446500702931327
0 0.07893196793585872 0.5078638498761655 0.12856024161338203 0.5217723002476691
0 0.202295331273565 0.31254273366506174 0.3687316733528224 0.3646662373846062
0 0.19455623891195895 0.5831656027716496 0.34033365756780676 0.35866879445670075
0 0.40785914669152723 0.6946531046336765 0.30996288908136815 0.4258177531003719
0 0.8022512866905286 0.49119188689377735 0.39549742661894277 0.43803527088305216
0 0.7354116681617378 0.24998492163056846 0.5274681784733197 0.4999698432611369
0 0.14707283611171382 0.7632020132345664 0.2182472839891055 0.2423459735308672