0 0.7521662373846062 0.2926714908532157 0.24751297063538313 0.3332664763542906
0 0.8435253298171735 0.4718718935478637 0.31294934036565286 0.376544724904398
0 0.7718581149682494 0.5303015454173191 0.17341188296032684 0.1797378120372805
0 0.5969179652586998 0.3428518574545996 0.3200130169541108 0.4524201406713006
0 0.4255587338699495 0.18922613682285472 0.3826542580627706 0.37845227364570944
0 0.19638065611969052 0.2109375 0.3902869755977819 0.421875
0 0.16794755686269758 0.5086385263450018 0.30620307402620534 0.42334794730999636
0 0.2769714923470049 0.40864833650818255 0.25194360545773675 0.2946775730349426
0 0.36658626405862665 0.5147547813193792 0.27872442927905433 0.3013778589277141
0 0.48562951653982606 0.5457185935571525 0.29918247849326607 0.3060420481398335
0 0.33578368196514147 0.6950585105734548 0.3221490975998539 0.33113713652211557
0 0.3014943808889029 0.9014986873380195 0.28703773531769167 0.17900595145918138
0 0.5703962764646235 0.6992328346340828 0.27236311331561963 0.26508516141722505
0 0.6875281184829062 0.6723249472867744 0.21222182588823202 0.21070439212119324
0 0.6654070235691394 0.8033623823497089 0.36233744995721884 0.32484051494635435
0 0.8525557853582182 0.7478782864942495 0.2948884292835636 0.31612744316081154