0 0.96171875 0.28529809237373976 0.0765625 0.24754024122451143
0 0.684375 0.24571172129926566 0.3765625 0.38595684969606625
0 0.4703125 0.401940303906573 0.1359375 0.13833037727617334
0 0.6359375 0.11562368533938135 0.4125 0.2312473706787627
0 0.321875 0.2343843940357277 0.328125 0.33923496239076306
0 0.1203125 0.27306176379005354 0.2328125 0.24739915188677947
0 0.6203125 0.6163257496707957 0.4515625 0.3709516268139549
0 0.46328125 0.696676142386375 0.0875 0.0869209899708702
0 0.5625 0.5016016716158347 0.0828125 0.08678459765100222
0 0.7078125 0.6754985096999254 0.153125 0.1560179824490227
0 0.6203125 0.8061694996707957 0.128125 0.10997805674305994
0 0.5078125 0.9211616653476286 0.1109375 0.1110404515702104
0 0.234375 0.9486491340065978 0.1609375 0.08124530298213628
0 0.06953125 0.8854768472552905 0.1171875 0.10965980799670091
0 0.1375 0.6116241586172041 0.2625 0.1670129699126104
0 0.31171875 0.6557736607287751 0.1046875 0.10773359514371954
0 0.31875 0.754787822248973 0.071875 0.07396634890464338
0 0.2875 0.5291346043814267 0.1515625 0.15753501834239997
0 0.4 0.06875469701786384 0.15625 0.13750939403572768