0 0.31015625 0.16875 0.08203125 0.05546875
0 0.540625 0.2046875 0.07578125 0.1078125
0 0.4453125 0.2890625 0.15546875 0.05
0 0.529296875 0.533203125 0.541015625 0.5 0.556640625 0.486328125 0.5703125 0.4921875 0.5703125 0.443359375 0.474609375 0.494140625 0.42578125 0.54296875 0.4296875 0.59375 0.45703125 0.60546875 0.47265625 0.6015625 0.529296875 0.533203125
0 0.4609375 0.54921875 0.09609375 0.07734375
0 0.5234375 0.47265625 0.12421875 0.0953125
0 0.4875 0.76875 0.1375 0.06484375
0 0.59296875 0.88515625 0.0625 0.115625
0 0.775390625 0.783203125 0.775390625 0.703125 0.759765625 0.6796875 0.748046875 0.70703125 0.748046875 0.74609375 0.740234375 0.75390625 0.689453125 0.75390625 0.685546875 0.76171875 0.685546875 0.8671875 0.693359375 0.869140625 0.736328125 0.8359375 0.775390625 0.783203125
0 0.70625 0.76796875 0.05703125 0.07734375
0 0.765625 0.384765625 0.765625 0.365234375 0.748046875 0.359375 0.71875 0.37109375 0.734375 0.388671875 0.751953125 0.392578125 0.765625 0.384765625
0 0.720703125 0.193359375 0.697265625 0.19140625 0.6875 0.19921875 0.685546875 0.20703125 0.708984375 0.220703125 0.767578125 0.23046875 0.720703125 0.193359375
0 0.978515625 0.357421875 0.982421875 0.32421875 0.93359375 0.328125 0.9296875 0.3515625 0.943359375 0.365234375 0.958984375 0.3671875 0.978515625 0.357421875