0 0.1390106756695948 0.8210597064335587 0.1796867720436281 0.2358694128671175
0 0.18124818010907026 0.5693680744848353 0.3026215274915097 0.2824861489696705
0 0.32462075771679555 0.7193349535337739 0.2658099423422159 0.26726296805592076
0 0.3319465746808591 0.8574386047785291 0.277359447537996 0.23239106058738807
0 0.5155674578526817 0.9052822636969544 0.27121870818165766 0.1894354726060911
0 0.42296079668514625 0.4586836412960006 0.11702324505632138 0.11766294191141177
0 0.5009161879027404 0.5399704527085811 0.19170617080279087 0.18549090456874778
0 0.855047040985163 0.843187773244724 0.28990591802967386 0.31362445351055185
0 0.774762505371007 0.8443665678600725 0.13886539406758586 0.14107713112353118
0 0.7301216307491594 0.9274021962727002 0.18901821337743777 0.1451956074545997
0 0.636450588251387 0.1888843172353726 0.28913818169855415 0.26747645560836614
0 0.4639418037225118 0.18902325934727693 0.1587408514929388 0.1363663203356503
0 0.5847181154907952 0.37147075167360716 0.18901821337743777 0.19150410622842173
0 0.26848147427320107 0.27212806681116536 0.22401592625067251 0.2252404888018452
0 0.20385588158233858 0.38146625539858475 0.2156571230323639 0.21683599295103004
0 0.3100355537225118 0.17736094108621908 0.11735102698730664 0.12235044191141169
0 0.7994743841802286 0.40872598840085994 0.23739001139996638 0.23868768216314926
0 0.6604115202020427 0.5093152164055356 0.16252141535490913 0.14597811867597627
0 0.7118590417414676 0.5893704919253449 0.14377141535490914 0.1445573286340199
0 0.895213583055607 0.5559580311421085 0.20957283388878595 0.2865098755244535
0 0.8013478766386601 0.5355369421351263 0.17208208565349709 0.17157011452679144
0 0.5587936619238401 0.7230915286433088 0.434657767352051 0.43703378424238615