0 0.9372781487726553 0.45553942333557595 0.05873701333591939 0.07153416327441153
0 0.8596151475647075 0.34005718622587466 0.2061855824314133 0.20061523292582972
0 0.6208876163509404 0.37148316937884707 0.18239739606689528 0.17603131275401313
0 0.44829591285748094 0.5923235345985665 0.10491038273097572 0.10351450361804453
0 0.2903244319432764 0.7205636420163698 0.15548420970237728 0.1512836182719372
0 0.24853528679446496 0.6461910837849123 0.10634533697334118 0.10203389077317446
0 0.165276505580698 0.6857648388732951 0.10803538273097572 0.10367827792830404
0 0.19914093573629824 0.578481283355371 0.062212699700437565 0.09505355042954129
0 0.1442460127076997 0.5300980150380055 0.09620506242753399 0.09216756784239592
0 0.0666301642346068 0.4828711329712583 0.1332603284692136 0.1299065852552504
0 0.024809197115363734 0.36602779172311406 0.04961839423072747 0.11018058344622812
0 0.14335203196267304 0.1950302962456698 0.11485920970237724 0.14915455223856364
0 0.9372133443902071 0.14876047885349988 0.0943233112195859 0.20253185775648763
0 0.735220280754725 0.11463670510906725 0.1889344384905499 0.16081574852966196
0 0.6501116992413957 0.061531637266671414 0.06540160151720861 0.057881099050060315
0 0.5918846110601065 0.04435742537174083 0.06935577787978708 0.03008364767057934
0 0.45491102742074513 0.11720734791840655 0.22665757909743345 0.18457415309764622
0 0.46522651621085753 0.058118952961360694 0.11642196757828494 0.07300148801421238
0 0.05781333809670025 0.6126881077564876 0.1156266761934005 0.23006371551297528
0 0.0610660772612656 0.8062024123699004 0.1221321545225312 0.3875951752601992