0 0.6030515021705616 0.9055416988682048 0.09518109604505724 0.08905459172016919
0 0.7427970631825402 0.9491399200542487 0.11294775025210164 0.07531937418757337
0 0.8158135821240753 0.8534495446488591 0.11480518119435104 0.10188187418757337
0 0.4097046018219149 0.5460787443212525 0.11775521857321784 0.14406937418757337
0 0.4675113840050017 0.467040080766416 0.1286163089182919 0.12085006249917622
0 0.279465080786693 0.47812540544045684 0.18890895273377603 0.17964440990138844
0 0.2432158603718897 0.38278167776159117 0.09350933540139543 0.08746481818121907
0 0.176018380650807 0.6742248839301014 0.16539504307885006 0.15582508035608367
0 0.09103672929375421 0.606261862419746 0.11367972376899797 0.10810460064862308
0 0.17154903795994453 0.5595993222417042 0.1355218727802623 0.13033415665497755
0 0.05571087051134836 0.5311897244324548 0.10364915990702757 0.09856595941492116
0 0.10069985048453263 0.4305624330365969 0.20139970096906526 0.19397964529089187
0 0.33879007634721753 0.22115265665827283 0.06302415990702759 0.0978568474022122
0 0.4979961955211836 0.36584972768216095 0.08671303218308672 0.07954322402541765
0 0.5371086999606591 0.6211042435104736 0.17386310694082036 0.1653364480508353
0 0.6056508863507902 0.5559235284135096 0.12371028763096845 0.11764324188232518
0 0.2898184367191073 0.6090344862035776 0.083478771539425 0.07792617694751698
0 0.7209855812908961 0.323722908690163 0.1353033514929388 0.12720915665497756
0 0.3307258400929724 0.09485675811767484 0.22604831981405518 0.18971351623534968
0 0.25017496262113315 0.04046926704612858 0.1184000747577337 0.08093853409225717
0 0.36917851876630803 0.7239134180223585 0.22997099530842302 0.1866035219140972
0 0.8639654029465366 0.36570408279830624 0.08525979282674853 0.08107845048646736
0 0.8592878826676195 0.07551545942151165 0.11152736188449879 0.05500687418757346