0 0.6356657883407687 0.23735761643595582 0.28549018728260195 0.27942189389073524
0 0.4179364122777528 0.15967749768364817 0.3296228245555056 0.2869130212809163
0 0.38893418061464213 0.2518557032668891 0.16055434697528082 0.15794980721668547
0 0.635505775922933 0.4067689504891119 0.38376793274067394 0.37897940777039596
0 0.843741432052111 0.5607111805924716 0.3125171358957779 0.3292006508305656
0 0.8527971163751861 0.8280334230389451 0.2944057672496278 0.3439331539221097
0 0.6117477353354464 0.8729833243355486 0.4022630991013127 0.25403335132890276
0 0.6734670010872618 0.7480447925618325 0.27490363152302777 0.22589637569213802
0 0.537322464872525 0.6701527251661142 0.26026704667571854 0.25604495064599553
0 0.46701035168638655 0.5514039227297907 0.2906878703131401 0.2859722825396833
0 0.3642195468448963 0.7297816417312669 0.31434851092002347 0.3092490962347739
0 0.15580088215124754 0.8042450138796606 0.20242259576733285 0.27099002775932135
0 0.28442125016917785 0.48530165406976805 0.27184227546389117 0.2645583574935408
0 0.27428136243723233 0.36108290406976806 0.19253767061270252 0.18797726866002265
0 0.15655159956035472 0.40405404919712107 0.2730538312234653 0.3174830983942421
0 0.1541128994008752 0.19328652991878958 0.27547745849442923 0.2710086165928393