0 0.2024299447405875 0.5479540791382677 0.31297490404199807 0.3147751607121673
0 0.051021986075723794 0.5585897958600847 0.09084427068745357 0.15467959172016937
0 0.09205661342295042 0.6616290211033183 0.13909995735199915 0.13990007142762978
0 0.24389292811104032 0.8220597808425509 0.32560217337681613 0.32593084902377
0 0.33431519672976984 0.4705848299490466 0.25923173870145294 0.2607228603878557
0 0.5019225094286774 0.7109621883083074 0.19504196936663476 0.24866714529089187
0 0.4622851080521794 0.39236614691244964 0.2213135680299077 0.2241307954530476
0 0.40061016935868066 0.1936735024323367 0.4432260253819068 0.36547636444504555
0 0.6665073420194082 0.15457364082336966 0.35801468403881637 0.2921285933417272
0 0.8678604830124085 0.3487032905784883 0.264279033975183 0.3061717280826074
0 0.731344190722452 0.42361969561190804 0.351129432049634 0.3716797256469754
0 0.8175469620862235 0.6492975799457513 0.30981354137490696 0.31159561363426674
0 0.6261514447803584 0.8482594111159092 0.2813612773710892 0.28297968993316047
0 0.5017150661202672 0.8885421229697574 0.38859197469763485 0.22291575406048522
0 0.5107787940801781 0.5994207163114846 0.30981354137490713 0.3115956136342666
0 0.1673811407144978 0.35519383482031053 0.2861033213717255 0.2877490105500115
0 0.7013385173854066 0.3957577483718516 0.22908970536281678 0.2211421631477993
0 0.27127304077813125 0.8256620677741819 0.16124767735518084 0.16371940097293453
0 0.1493862133990879 0.4868841655834313 0.15332608935390812 0.15420803327818292
0 0.30157706409131396 0.6777836753226639 0.14518632535009016 0.1259466655834313