0 0.2548444977605048 0.5131561700349984 0.17917948165323566 0.18332267202418073
0 0.12887689539937264 0.5437238226845901 0.13045109016268785 0.13275905068427196
0 0.15630752469147616 0.39481415535486264 0.13201359016268785 0.1327772320178174
0 0.12711999444085512 0.30853121001749917 0.13515677088084713 0.13593859468490824
0 0.16645572609409076 0.1277266526893626 0.16340903590796177 0.15814085868872624
0 0.31182276824856847 0.12004251670908897 0.13375789734428026 0.16404541335136277
0 0.44194206030485034 0.04733281739336088 0.10674087939029935 0.08561133068109025
0 0.5077119851692771 0.15748052406904228 0.1149715359079618 0.15757723734881748
0 0.37963646126336786 0.2817799953850885 0.10056360226293623 0.09803860534690845
0 0.3571251361277946 0.39090045671545226 0.10057269262201593 0.09960110534690844
0 0.4138917239527915 0.7056447567234064 0.13044199980360816 0.13119655068427177
0 0.4577593777399794 0.8202254247294516 0.1632272287263694 0.12689085868872638
0 0.5615201819947055 0.8464344834102236 0.09429542154477702 0.09484088001272681
0 0.7235525493829522 0.7944100014321773 0.17444652985783762 0.17545562802354447
0 0.6526274919067724 0.6302924100890868 0.14772949375348396 0.14858404535327185
0 0.5432979437021703 0.6212072167409056 0.14930108411256385 0.1501647266868172
0 0.7589507356602564 0.4846446501034043 0.12259313836728972 0.12485564401654478
0 0.8699104406771083 0.6164133654519036 0.23731923458010193 0.24024538136536222
0 0.9235495668459539 0.39436619012567603 0.15041010792027693 0.34078972668681723
0 0.7932949611651721 0.22174520810785867 0.25459763817089787 0.256070376034362
0 0.5605183017206434 0.34717028007636014 0.20111811416679296 0.19451471069381698