0 0.0629370912481442 0.06658678153513883 0.12390889077317435 0.10120143692972232
0 0.07563292231952311 0.29391234773954855 0.13079405585660825 0.20280030452090286
0 0.15938928312822842 0.6682025265011458 0.06906426051544959 0.06715243882958326
0 0.09651082485134246 0.7072117815351389 0.11091092378986114 0.12118662860909737
0 0.09462849954571477 0.8503987370822224 0.07292624491161734 0.08128767401194423
0 0.11783138342148418 0.9797043773748264 0.07227779172311406 0.039136541603124894
0 0.21725385628614954 0.24994152935093733 0.10376680913596861 0.07420252583555564
0 0.16913061680159913 0.31676665985989566 0.1347578595655099 0.12954464247680572
0 0.2949561324054314 0.2997583849742706 0.06610303482570909 0.07020470364722228
0 0.27151306761525323 0.5091522219802428 0.1855833751693421 0.1166822729857639
0 0.31785023631673176 0.7067532673830901 0.1398547953411587 0.13746624525034737
0 0.3135588839873111 0.7741226053389928 0.1743050384437536 0.16947996466513898
0 0.18950390829757055 0.780138828837847 0.1380466338757694 0.13274237765916688
0 0.25666483208743174 0.8974704927818052 0.13492163387576941 0.1326696424768059
0 0.33983585820671347 0.9471600618360068 0.11264384215265544 0.0946968637914587
0 0.2962463104907057 0.9661652881846525 0.08732293758467105 0.05821384992375016
0 0.45262578527593506 0.9351484114754163 0.12456398801421234 0.11370143692972227
0 0.4572491717536963 0.4860562948341663 0.06577548620519007 0.06395470364722229
0 0.4249080625268705 0.5853666170224996 0.16937187697836437 0.16468336189159735
0 0.43454317559888345 0.15727733140329825 0.21862160447712728 0.21108688962701408
0 0.47623710990419416 0.3409067957840969 0.06289614767057934 0.06856946846486114
0 0.5409779613291037 0.24788218797656203 0.14963923111680746 0.14549695079743064
0 0.6358223925821967 0.13225522834541614 0.11510710085908257 0.11192073138263896
0 0.6537855777920185 0.34068532418510367 0.09701884215265544 0.09433318787965286
0 0.6311337290806425 0.5054751760087148 0.15950555404758582 0.1550901563445141
0 0.6733732179993661 0.6398131552071522 0.12332903663473153 0.11991506933854161
0 0.6023381009706242 0.7470639171749995 0.2924751843053107 0.1909575340036808
0 0.4515468848918222 0.7951591911106941 0.18754202283992144 0.18383340539458343
0 0.8495407338303409 0.19533253733163125 0.2977978493887445 0.29252003400368076
0 0.8781637008136542 0.4704228030992007 0.2436725983726916 0.20927112290951405
0 0.7822181942549333 0.43312478448183966 0.10359639077317447 0.10072865824437507
0 0.4003673286965297 0.3708319915475344 0.06750176051544958 0.06711607123840277