0 0.5280830320782579 0.096875 0.13116606415651583 0.19375
0 0.36814682757475115 0.1125 0.28004365514950225 0.225
0 0.36638047578442307 0.2921875 0.3724290191214479 0.35
0 0.5272259430878563 0.38828125 0.5075444987633823 0.3859375
0 0.5907014643687726 0.69609375 0.31932260795496603 0.4234375
0 0.7532086497508315 0.33046875 0.21341735965300898 0.209375
0 0.6906819640642308 0.159375 0.32255013263196836 0.303125
0 0.38677662553525444 0.62265625 0.37585440777039586 0.3546875
0 0.5762150670819512 0.86015625 0.36011068938722846 0.2796875
0 0.9288548446151725 0.70234375 0.14229031076965484 0.115625
0 0.14446470542635742 0.328125 0.25235874614248865 0.25625