0 0.7000871436660387 0.36340504473052604 0.12847164772652384 0.11748549352159507
0 0.5103133518631437 0.5140022293373926 0.15261825973923263 0.15961243676633483
0 0.5949689955324778 0.43505760410667993 0.08905459172016936 0.09466975478036196
0 0.5539050336786294 0.9053991849206335 0.10810460064862326 0.11305880937615384
0 0.4297351022668856 0.8265406045681052 0.08814665665497756 0.1320696252307126
0 0.2592026396055537 0.6904295311554073 0.29408083116686257 0.30602396668512455
0 0.4096117426898088 0.7042545943890725 0.08266822402541756 0.08645673658176474
0 0.28436846062944177 0.5190959492617194 0.2575160397710047 0.26778348704319016
0 0.3986179212621789 0.5673053069121436 0.09061709172016937 0.09476988433001132
0 0.4094757804355139 0.38281039096529984 0.10333528003177203 0.10807092072720588
0 0.154799737414803 0.5790192666574377 0.23046261606989865 0.2379562846991515
0 0.19444902394269215 0.29647807449243213 0.10805005357072242 0.10993380937615385