0 0.9162323793134247 0.29841842026823084 0.15034846932952242 0.3632272287263694
0 0.8314921205113484 0.5378667396482675 0.20573581981405517 0.19486811416679295
0 0.8578253915465701 0.6083610468298598 0.21726318169855433 0.2480385659621911
0 0.7731397630663249 0.8470281162098964 0.2507640965492602 0.23573855386194253
0 0.7061539948810945 0.7208059837945349 0.2741687455605247 0.25774081888905725
0 0.6236903281888029 0.46944295081343945 0.15536447921687965 0.14459540339440444
0 0.5421786122134751 0.6291901346548567 0.17362244234221577 0.2493465359079618
0 0.4306462604684348 0.8270594872123805 0.2207816656070108 0.20901242739850973
0 0.5587766143071621 0.7941975111182897 0.18770708565349709 0.16040221057599685
0 0.4103872988557078 0.4908674571581512 0.1472241972858944 0.1398624515990063
0 0.23467746865009245 0.6117697887366321 0.3010261765027741 0.2844487646343312
0 0.1710119865063467 0.2908618702169172 0.3420239730126934 0.3535987404338344
0 0.11951537047291105 0.4164522226762452 0.2390307409458221 0.20606923458010193
0 0.706004345540854 0.06350656820168625 0.2317413089182919 0.12004992134838535
0 0.7041469145986046 0.09006906820168625 0.1737538462971587 0.16188289734428024
0 0.673230778324689 0.2751207790722706 0.284199309422495 0.26717036104353503
0 0.4377246030824226 0.1893413185944697 0.3395859319506556 0.3221578428931624
0 0.8455367391042368 0.07994970051885184 0.09863387797604233 0.09272383118569745