0 0.3055152204916779 0.8502333322115959 0.5040090648703767 0.2995333355768082
0 0.4238485013373824 0.3982726447606435 0.38784846932952244 0.37304767273646194
0 0.11176984637403328 0.5958617324490227 0.16539504307885006 0.1576259465556454
0 0.5010440579098857 0.18993495902555074 0.28754283070981845 0.27656982633910115
0 0.22924528557571872 0.4137061134861197 0.45849057115143743 0.44223559342786006
0 0.8433854691542955 0.4887638817620128 0.26755811264080337 0.28066629295300627
0 0.9021920226247058 0.4090596613871839 0.14209965471124733 0.1366769490629279
0 0.6970621262113316 0.4430158095795467 0.16997328243518836 0.15619983887551356
0 0.6561054463543629 0.9279674710997448 0.15470891535490913 0.1386031619159091
0 0.9121793917986718 0.5573069447732788 0.11117743664223276 0.14045516693047427
0 0.5200090452494115 0.780747827130524 0.12669317599857094 0.1393473079967011
0 0.44722674513319605 0.6572899435861446 0.08024451089576327 0.07718227711788864
0 0.633601287707843 0.6564501722742436 0.11691398441265974 0.11099498746358769
0 0.7188057222563888 0.35597045064577354 0.22903120818165768 0.2202910826073074
0 0.07592944342749663 0.5557619181841155 0.15185888685499327 0.27089883636823087
0 0.13635294523064476 0.301148626022532 0.2727058904612895 0.3125982545523465
0 0.7249514514732682 0.21210679037921681 0.3276650861577 0.31516096489804546
0 0.945733845036651 0.23418769351963756 0.08646165990702741 0.09919366943775679
0 0.13286177648310357 0.036745145222861916 0.08115144703379285 0.06785274122451138