0 0.09765625 0.08984375 0.1328125 0.175
0 0.1328125 0.50546875 0.2078125 0.346875
0 0.18984375 0.73671875 0.2703125 0.33984375
0 0.39453125 0.90703125 0.31015625 0.1859375
0 0.61875 0.82578125 0.22578125 0.15390625
0 0.60625 0.56875 0.153125 0.1859375
0 0.3234375 0.55390625 0.21171875 0.26484375
0 0.26328125 0.25390625 0.19609375 0.2078125
0 0.5546875 0.3078125 0.096875 0.10703125
0 0.28203125 0.0453125 0.31953125 0.090625
0 0.8546875 0.26015625 0.28984375 0.3375
0 0.8734375 0.53671875 0.253125 0.4609375
0 0.81015625 0.78359375 0.3796875 0.4328125