0 0.05703125 0.4921875 0.040625 0.0375
0 0.14921875 0.496875 0.16875 0.08046875
0 0.1328125 0.50703125 0.04375 0.03203125
0 0.0921875 0.55546875 0.10859375 0.0453125
0 0.10859375 0.5671875 0.04296875 0.05078125
0 0.153125 0.65078125 0.0484375 0.07265625
0 0.2609375 0.7140625 0.0609375 0.06171875
0 0.27734375 0.82421875 0.05078125 0.03515625
0 0.32578125 0.8625 0.0859375 0.03046875
0 0.3359375 0.8171875 0.04765625 0.0765625
0 0.38359375 0.78359375 0.08671875 0.03671875
0 0.20078125 0.478125 0.1 0.07734375
0 0.2828125 0.384375 0.1203125 0.06640625
0 0.28203125 0.24765625 0.04140625 0.0609375
0 0.39140625 0.340625 0.0421875 0.0625
0 0.2828125 0.54140625 0.0546875 0.07109375
0 0.390625 0.4953125 0.21328125 0.10078125
0 0.38203125 0.64921875 0.09296875 0.09296875
0 0.4640625 0.7859375 0.0484375 0.06171875
0 0.484375 0.8625 0.0703125 0.1125
0 0.075 0.88984375 0.15 0.2203125
0 0.5125 0.7125 0.09140625 0.121875
0 0.55 0.8421875 0.12578125 0.2109375
0 0.61640625 0.8984375 0.1546875 0.1546875
0 0.6421875 0.73203125 0.22734375 0.265625
0 0.55 0.49765625 0.0453125 0.08359375
0 0.64921875 0.57578125 0.065625 0.07265625
0 0.71015625 0.47890625 0.14921875 0.20859375
0 0.80625 0.503125 0.20546875 0.3703125
0 0.775 0.78515625 0.071875 0.26484375
0 0.721875 0.92265625 0.1765625 0.075
0 0.71484375 0.18203125 0.20234375 0.28671875
0 0.84921875 0.25390625 0.12578125 0.196875
0 0.93203125 0.48046875 0.1359375 0.3609375
0 0.4859375 0.209375 0.31171875 0.19375
0 0.55390625 0.38359375 0.21171875 0.23046875