0 0.046875 0.46484375 0.084375 0.096875
0 0.14140625 0.44921875 0.071875 0.0765625
0 0.17421875 0.390625 0.05078125 0.04921875
0 0.22421875 0.39921875 0.0421875 0.05859375
0 0.17578125 0.36171875 0.05234375 0.05234375
0 0.29453125 0.3828125 0.046875 0.05625
0 0.3453125 0.35390625 0.0640625 0.075
0 0.26640625 0.31953125 0.11015625 0.0671875
0 0.29296875 0.28203125 0.0734375 0.04609375
0 0.83515625 0.18203125 0.06171875 0.06484375
0 0.63125 0.715625 0.11640625 0.18671875
0 0.8375 0.81796875 0.08671875 0.1265625