0 0.12153232010177313 0.5315946439692206 0.10949062406898658 0.10617109514371954
0 0.11515604156572586 0.5173275554894186 0.12714900496239873 0.08327916442319179
0 0.42796437241635676 0.25105666396097337 0.20121155128112633 0.1993420851145898
0 0.6354023449137667 0.1475692657686106 0.14226889081820956 0.13989287727617325
0 0.39468745368127245 0.12570131129540635 0.12413532092583335 0.11908027210332377
0 0.5339297361462612 0.15948058089144765 0.10302230024766904 0.10130173871722889
0 0.8683946273787555 0.18407638176201277 0.17901121960192584 0.22522262351524955
0 0.826633004757511 0.3416699214163138 0.14154114474715093 0.12426787727617325
0 0.9011342369748305 0.4721363229073819 0.16440075599585596 0.17954641066226812
0 0.767900051904808 0.527715070004388 0.10956339867609248 0.10773359514371954
0 0.5323543118296055 0.36127040142456107 0.11290672249741007 0.11251202335696497
0 0.672523393508806 0.3919474030739137 0.12257282092583352 0.1190348079967011
0 0.5785978033525502 0.5777508592629775 0.19296240363849115 0.18973976458147632
0 0.7283944421038451 0.6368711096586891 0.1411387303552928 0.08212584138279588
0 0.7209328908227188 0.8306665737653116 0.24521841645877274 0.2396321159934022
0 0.6654747952897795 0.9463992223533859 0.12824062406898662 0.10671666442319179
0 0.21828750372405362 0.41941054420664753 0.15698636228216234 0.15436455423577744
0 0.2450940603818635 0.29736805964605373 0.14234166542531543 0.14145537727617324
0 0.11001908540325407 0.4428587529029938 0.10011562406898658 0.1058983105039836
0 0.11647017680236418 0.707466822182466 0.1880565798171736 0.18491587226160816
0 0.29993980231909284 0.6650844085506971 0.17831770678164424 0.17683058762187223
0 0.3101217851555851 0.5472520508705652 0.184238066996892 0.13643290815498563
0 0.297454695413614 0.8796313271970309 0.2661858879227255 0.2407373456059382
0 0.41923765012834374 0.908724411453691 0.17980743217453837 0.17531355172849494
0 0.4579256226257537 0.8003268897460785 0.14724748924663303 0.14627926959604132
0 0.4887474753974034 0.9528451698334681 0.14252144789030421 0.09430966033306376