0 0.48671875 0.1859375 0.221875 0.2359375
0 0.478125 0.0359375 0.13125 0.06640625
0 0.57734375 0.06484375 0.1171875 0.0984375
0 0.746875 0.18046875 0.27421875 0.24296875
0 0.43203125 0.32109375 0.2125 0.17265625
0 0.67734375 0.4390625 0.20859375 0.1484375
0 0.37578125 0.45234375 0.18671875 0.13984375
0 0.184375 0.42578125 0.246875 0.35234375
0 0.14140625 0.6875 0.28125 0.3109375
0 0.390625 0.89140625 0.30859375 0.2171875
0 0.440625 0.69765625 0.2859375 0.26640625
0 0.6609375 0.74296875 0.27578125 0.20390625
0 0.821875 0.5328125 0.153125 0.2625
0 0.871875 0.4109375 0.19453125 0.33046875
0 0.575 0.465625 0.18125 0.321875
0 0.303125 0.18359375 0.21484375 0.2265625
0 0.4109375 0.675 0.165625 0.17734375
0 0.753125 0.20546875 0.14765625 0.0984375
0 0.4234375 0.14609375 0.16484375 0.06953125
0 0.6203125 0.2578125 0.08984375 0.115625