0 0.16648315027015245 0.1263760136969545 0.1373214399258662 0.09455732863402008
0 0.42176836179556504 0.09585267718877193 0.20916172359113006 0.14363529129135616
0 0.2898561628840242 0.1115699977249149 0.1228968413771451 0.12774833693238982
0 0.2562053930985764 0.28589456888575776 0.1228968413771451 0.1277483369323898
0 0.36316223202865067 0.24724831121208793 0.11979168874473985 0.1727056394219007
0 0.5630481262235353 0.12525860250344412 0.1760962524470706 0.1785305095477696
0 0.5461582705032381 0.31098261495099877 0.1102877139724832 0.12367614357108563
0 0.612289212791357 0.24119217843817178 0.11619546279135698 0.2036004419114117
0 0.630952421954517 0.3516919705547205 0.09055556733052797 0.09413035352912935
0 0.6366691978152325 0.4261475188950466 0.07750993030721923 0.0775581601678251
0 0.4260243636944817 0.4631702317528753 0.2069643065307547 0.16996099295103004
0 0.6104861876484315 0.613504886321623 0.0858135036281972 0.09221265601864026
0 0.29157498574166574 0.6516738568531217 0.113139895460829 0.11610044191141178
0 0.255444023583281 0.5764720246946167 0.08888393992586625 0.09088695435896632
0 0.23153284154678105 0.7842602912913561 0.2555506286706061 0.26714456888575777
0 0.32271091305366023 0.7623395923309746 0.06797123920022682 0.07216026514684692
0 0.3127059743937384 0.9177041970978926 0.16968256134007814 0.16459160580421467
0 0.4319991222168202 0.8797065363169786 0.10834326805616748 0.11262024440092233
0 0.4980730116023814 0.7413436985593963 0.09222719473518967 0.09737375269929238
0 0.504762010421255 0.8213271964848039 0.10343751324684405 0.10601504689043359
0 0.5057664936310321 0.9405219466852965 0.17393355172143127 0.11895610662940684
0 0.3765973488031752 0.9562998507295906 0.13156251324684395 0.08740029854081896
0 0.6310765176776492 0.976803911417225 0.154563503628197 0.046392177165549955
0 0.7417858391845285 0.9512720377668712 0.2018948606144388 0.09745592446625757
0 0.7121206426352402 0.8463900865314045 0.18925101687504106 0.19822770290907385
0 0.8668031973518964 0.9336594078927402 0.2299851442797028 0.13268118421451974
0 0.8425496647829409 0.5204456610162398 0.14715279691210767 0.15296182448483506
0 0.8855518699590086 0.6976243902703153 0.2288962600819829 0.2514244805034753
0 0.9242684015360968 0.8897769240884943 0.15146319692780635 0.21726112282516113
0 0.8436979586150057 0.37482550769689177 0.10614585099579195 0.13894594606059663
0 0.7443948738612827 0.2979535091467843 0.15685517912609298 0.16304721950581333
0 0.7611458973597456 0.5321984545826809 0.07449405771188111 0.08044636182749905
0 0.055139011054227235 0.9095884875524455 0.04862103847458739 0.05355197510489092