0 0.5176280569752763 0.7272655489224367 0.5615962131012953 0.5143477372923002
0 0.25919084038712825 0.7231830531745003 0.31761389283722163 0.3144760566776581
0 0.20526546654166533 0.6913907902976227 0.3049771918004624 0.31189319061658194
0 0.16867739830384187 0.3631222690857954 0.298531702168055 0.3268804618284092
0 0.10835576149888829 0.31218139348182145 0.18253626380796248 0.26001221303635713
0 0.31721476870893484 0.17337392052811357 0.40134363534435125 0.34674784105622714
0 0.1254770365693979 0.12115790969267892 0.24767324825657364 0.24205918061464216
0 0.45211532342161975 0.32700916802762864 0.6184886364756469 0.6540183360552573
0 0.44063987266768445 0.37790314877265535 0.5947203628657398 0.5915160151720873
0 0.7859105823286099 0.5920624040634893 0.289000877285833 0.288870278797871
0 0.8148674760607861 0.4283986457285396 0.2717354648447216 0.26884482122152564
0 0.8952820429077313 0.2613390783000357 0.20943591418453736 0.27617908909937305
0 0.7221455679549995 0.20319759870261392 0.42310105815305477 0.40639519740522784