0 0.3859375 0.56484375 0.028125 0.05546875
0 0.15 0.16171875 0.075 0.06015625
0 0.0265625 0.39453125 0.03984375 0.08828125
0 0.35859375 0.82890625 0.03828125 0.03515625
0 0.3953125 0.89453125 0.05078125 0.0484375
0 0.89765625 0.37578125 0.2046875 0.11875
0 0.90625 0.30703125 0.146875 0.078125
0 0.925 0.6078125 0.15 0.08203125
0 0.88515625 0.46953125 0.2078125 0.2140625
0 0.76875 0.93125 0.459375 0.13671875
0 0.92890625 0.96484375 0.1421875 0.06640625
0 0.74921875 0.73359375 0.3015625 0.290625
0 0.7546875 0.70546875 0.259375 0.14609375
0 0.43984375 0.6984375 0.021875 0.05390625
0 0.465625 0.68671875 0.02421875 0.04296875
0 0.240625 0.6578125 0.0609375 0.07109375
0 0.29453125 0.715625 0.10546875 0.10390625
0 0.2671875 0.46953125 0.05 0.0765625
0 0.2125 0.39453125 0.1765625 0.075
0 0.27578125 0.2421875 0.1 0.0765625
0 0.2875 0.14375 0.1859375 0.1140625
0 0.0515625 0.1359375 0.103125 0.1375
0 0.1453125 0.05625 0.1265625 0.08984375
0 0.2 0.03125 0.1890625 0.0625
0 0.3390625 0.03984375 0.02734375 0.03515625
0 0.61953125 0.0984375 0.05234375 0.040625
0 0.1828125 0.55390625 0.14296875 0.11015625
0 0.20703125 0.81953125 0.075 0.05234375
0 0.23828125 0.9578125 0.078125 0.0578125