0 0.05396051634364492 0.11062182361226544 0.10049130891829186 0.1225063527754691
0 0.0820137325710743 0.3437380711408075 0.13015666560701075 0.21252385771838495
0 0.19435410350975119 0.7066108028520188 0.0752292289647781 0.07317751482874754
0 0.13324164088861803 0.7514086496959889 0.1212408514929388 0.12958402372599612
0 0.14329362010549765 0.8951586496959887 0.07719592055068931 0.10130251482874755
0 0.2087676206865753 0.28529687695857586 0.09361859604505715 0.09106535178688588
0 0.16826258900769164 0.35589321984821315 0.17727233020561534 0.12875103558899426
0 0.29000654903093476 0.32664477714885626 0.07701025025210147 0.07636618182494201
0 0.2889678449597764 0.5358751971108001 0.17051958565349698 0.16586903361182798
0 0.3556957950956624 0.7282417692401909 0.15725476114786482 0.1544221976422726
0 0.35877687245128614 0.7947116862363852 0.19047145273377603 0.1838205375661605
0 0.23637734856607265 0.8145851289357422 0.1503491972858944 0.1447925296574951
0 0.3153378649097175 0.9241882806088974 0.13864687278026225 0.13340936068413461
0 0.4010621974611214 0.9512508463124973 0.12210422896477802 0.07508752471457925
0 0.3602404555068931 0.9725011052097461 0.08499771287323474 0.034624350798302575
0 0.510907091024504 0.9311054895826956 0.12741444183801284 0.10646485870696801
0 0.47010323047738733 0.49323807505795914 0.09019866510280768 0.06443918479069151
0 0.4490801723154002 0.5959465809894582 0.1840029314464527 0.180440869581383
0 0.4138378969175774 0.17038816547613858 0.22746870818165768 0.22272121148243723
0 0.47322324061684606 0.34738440559030687 0.07522922896477802 0.07317751482874754
0 0.5289490807098185 0.2479627257425312 0.16216078243518836 0.15773819863085592
0 0.6103797611478649 0.12398937346135366 0.13028806956195355 0.12527852570316256
0 0.6498021661112139 0.32922070152224336 0.09863387797604233 0.0959438527754691
0 0.6449775443393577 0.4955142049822845 0.1773158888718056 0.1739362015966055
0 0.7001945580851127 0.6241047785945499 0.1354126121366006 0.1317195266917457
0 0.6408191941069267 0.7385612094309087 0.2791840274915097 0.2715698883644633
0 0.49715095760058003 0.8016089905712789 0.2001742346647612 0.18889003954332678
0 0.8286105911013786 0.16367266148462484 0.3191970222957295 0.3090353962731288
0 0.8813313995154675 0.43410056661782115 0.23733720096906516 0.27469488836446343
0 0.7861163605471166 0.4074982573400117 0.10364915990702758 0.10082235376405232
0 0.402244105099235 0.3855330044114432 0.08205838317182242 0.059433349809719614