0 0.620059818092338 0.39772878239202497 0.054716243731793845 0.05809190468807692
0 0.21026624709700611 0.116751001698043 0.08558581050398359 0.100619366131414
0 0.48523280634734844 0.010300742598744365 0.10453438730530315 0.02060148519748873
0 0.9161308360390266 0.3795354827334786 0.04667642319868044 0.04977875693983034
0 0.9648805731069029 0.4193000871447003 0.04368781551854859 0.054265997840531634
0 0.34330682066612744 0.9043942967331109 0.15083037727617316 0.1453496776670363
0 0.26405958986645733 0.9211695889904016 0.10263691818411544 0.09703329117755644
0 0.5952497538939376 0.9287983096899209 0.09244356426490725 0.06830751387966068
0 0.4458551591459295 0.8908045612310804 0.26240437476889084 0.1743338756921382
0 0.9206398619697811 0.7605654372369853 0.09634878041659398 0.3633196252307126
0 0.7529522567969316 0.7884667990494627 0.3765985700708949 0.3469679441675904
0 0.72133854394395 0.8029693900424493 0.23524614436493216 0.3129562846991515
0 0.7608235589211378 0.46434817859911204 0.06515363855894432 0.04160531153562221
0 0.7428404370552409 0.49279335364525456 0.048193459092057724 0.04831638648947969
0 0.7447368723281154 0.24001880706902723 0.08526756175762476 0.089681866131414
0 0.8013756657433401 0.3034514489571777 0.1415008413827959 0.1463114003691402
0 0.534353301795002 0.2612987314968609 0.07879024122451135 0.08146884793281668
0 0.4582514545397112 0.19677395897932698 0.16401233887551356 0.16958821406423077
0 0.28094715696785144 0.26038228331487556 0.12381323620994653 0.12802247532299776
0 0.17069997875460605 0.27056641656515273 0.1691377595669114 0.23853847316352939
0 0.19392584474800822 0.0438513271133258 0.15589831050398356 0.0877026542266516
0 0.09592260226985562 0.1069230235972681 0.1384213054894186 0.14767364126984162
0 0.08171769827150507 0.1663178099944627 0.12968280298213614 0.16894786397194567
0 0.04831050171585964 0.3228577066629751 0.041807066772189705 0.04322836829088237
0 0.07189378807145538 0.6379424861203393 0.06132995658477529 0.07099242288667433
0 0.6383481314993154 0.17119656076965503 0.17370558762187222 0.18112649136212666
0 0.928853459554276 0.21028483498523198 0.08678459765100185 0.08821949568106335