0 0.8731719063770065 0.084375 0.21821881275401295 0.16875
0 0.8761060162254299 0.340625 0.24778796754914012 0.2390625
0 0.685966234734852 0.2390625 0.21705910447712712 0.20625
0 0.6476329958161285 0.10390625 0.22339099163225704 0.2078125
0 0.45014716417892264 0.07734375 0.2659193283578453 0.1546875
0 0.65148385063194 0.53515625 0.10203389077317446 0.0984375
0 0.5578290258921392 0.47734375 0.15144739258219672 0.146875
0 0.13406954206179833 0.2625 0.25732997964646936 0.31875
0 0.22523013059640906 0.2578125 0.11395403663473136 0.1171875
0 0.24228043249628844 0.1359375 0.17504866689245624 0.15
0 0.5085205811829205 0.878125 0.2367098631835546 0.2234375
0 0.6751038935982494 0.821875 0.13311347241038013 0.125
0 0.5158440010160528 0.675 0.15958744120271576 0.153125
0 0.843928057438488 0.67421875 0.2211800384437538 0.165625
0 0.8799773428300238 0.5421875 0.1727425384437538 0.165625
0 0.8254823518751355 0.784375 0.09751016508343398 0.1015625
0 0.3018976876962127 0.70703125 0.19074890999505117 0.18125
0 0.4114696822691458 0.56171875 0.1417514880142125 0.1109375
0 0.3439679217536962 0.49609375 0.12175989258219663 0.146875
0 0.1393390547249545 0.6015625 0.2273348631835545 0.2234375
0 0.27022388455313795 0.5796875 0.15613489258219665 0.146875
0 0.4600046002932558 0.31015625 0.37492027136958334 0.35625