0 0.517318175998571 0.13408300397836465 0.3971363519971419 0.2681660079567293
0 0.6995236606633322 0.3093058919080497 0.08515053218308673 0.07905224801081764
0 0.6139960700661566 0.26026041191918553 0.08035377153942491 0.07743520401018138
0 0.5830681341802286 0.3435001732575035 0.1192413089182919 0.12004087468172653
0 0.4965954026175606 0.2921200339354121 0.17553486758448217 0.16597154002227174
0 0.37363886783658373 0.23334556528486586 0.18890895273377611 0.17861699069063527
0 0.17206493220275723 0.3920682266470464 0.14755197921687963 0.14534995735199913
0 0.3994140360414845 0.42304386461650234 0.19392423466476122 0.18335903469127163
0 0.2354879298569687 0.48281085797263756 0.2374992720436281 0.22601924936345305
0 0.12170393530485038 0.5216653673217733 0.18528120818165772 0.21604426535645338
0 0.19511357417665603 0.6881347046467281 0.28252754877883324 0.2671351453691802
0 0.3174477600625841 0.6038313352960017 0.3269002616520679 0.29887604137490714
0 0.3239648298766392 0.7976631512969562 0.04502827673520508 0.04111589600572696
0 0.42836847059003025 0.7252967079487751 0.09293018119435104 0.10099997334499947
0 0.5221024090738483 0.623342761935094 0.1721913462971587 0.16281017735518083
0 0.5473212943393577 0.5143672039306395 0.16034691015912905 0.17203972668681722
0 0.6032102974414508 0.6427280139242763 0.0819162715394249 0.07745338534372692
0 0.7155135554872226 0.6609683892425495 0.09372785668871889 0.09008065467854501
0 0.7531995897639963 0.5737405619032773 0.12727233020561535 0.1232567813494537
0 0.7995340043626008 0.4871939872295048 0.10866444183801285 0.10274428668045381
0 0.9062646056034381 0.5375565192155054 0.08682229282674854 0.0806329293443632
0 0.8966232637457547 0.3709230025461874 0.20675347250849044 0.24324311203054405
0 0.7533081224512861 0.7989223752387316 0.14977004307885017 0.15474313868554468
0 0.5745275585893157 0.7916200472629124 0.3042604371464357 0.28768400270527084
0 0.6311499911210492 0.5055729119191856 0.05305929802252862 0.044331802673454136
0 0.7951428912175942 0.0717631752864567 0.20903578243518836 0.1435263505729134