0 0.19453125 0.309375 0.140625 0.12265625
0 0.08359375 0.29375 0.1265625 0.1390625
0 0.23125 0.63046875 0.15703125 0.284375
0 0.21796875 0.178125 0.13515625 0.08203125
0 0.55703125 0.19921875 0.609375 0.3984375
0 0.56953125 0.45234375 0.275 0.23515625
0 0.425 0.69375 0.28984375 0.34140625
0 0.40546875 0.89375 0.31171875 0.21171875
0 0.74609375 0.85625 0.42890625 0.2875
0 0.6640625 0.64765625 0.28515625 0.309375
0 0.83125 0.5734375 0.3375 0.5375
0 0.90390625 0.165625 0.1921875 0.16953125
0 0.91875 0.05078125 0.1625 0.1015625