0 0.47109375 0.08184036258291576 0.0921875 0.0893153611687961
0 0.45546875 0.1695358522153232 0.08125 0.08523345391148132
0 0.39296875 0.19531781074495297 0.0546875 0.06103453628657398
0 0.40078125 0.24756381592874926 0.0546875 0.05947203628657398
0 0.3640625 0.1935700915649067 0.0625 0.06796804147037028
0 0.38125 0.31851130296925856 0.0578125 0.06287043836009243
0 0.34921875 0.3657089317156938 0.078125 0.08496005183796278
0 0.3171875 0.281656560462129 0.0859375 0.13095605702175908
0 0.278125 0.3032390345431476 0.0703125 0.07646404665416658
0 0.15546875 0.846414253157546 0.071875 0.07816324769092589
0 0.7109375 0.7051677217254616 0.1953125 0.14521262959490713
0 0.8078125 0.9284869360045356 0.1203125 0.13083847983046298