0 0.06406395804779955 0.382222310760544 0.1281279160955991 0.11890898091420468
0 0.20316717149844526 0.4875629992510939 0.1574624314570916 0.14036939273291543
0 0.3127172057698995 0.5608725666795978 0.1654415314288568 0.1705670757634536
0 0.1341617533367076 0.7558826934915197 0.2213120998305908 0.1953436772806622
0 0.01671612659776664 0.638281121062046 0.03343225319553328 0.08922173879011233
0 0.4927265553181416 0.09830827804896497 0.1426718893637169 0.12672148091420457
0 0.35664484214984454 0.07621052425594313 0.0839647472985769 0.07994233363936129
0 0.4033246081466215 0.29902601304605547 0.17857856826055957 0.18252494182452975
0 0.2791289739739894 0.32892119395056174 0.1620435156438412 0.16562448424818452
0 0.4039176003952882 0.45057253759186267 0.22156970506402765 0.22646613152302777
0 0.5119744821488459 0.6438597651720874 0.11730786831702958 0.11843074879205204
0 0.7071273584289702 0.6221116662399525 0.2925794260542453 0.2975755991013127
0 0.6379384716960894 0.7318535859345712 0.26437883134415224 0.2672823212215256
0 0.5172780902248804 0.8358239956272498 0.21337777346576187 0.24601335697722035
0 0.6644118395190086 0.10211828850994657 0.13992632096198285 0.10628143515657004
0 0.764427979094487 0.217822650029095 0.1636060156438411 0.16575203000581898
0 0.8538875083160308 0.5147770115482434 0.22983723137238704 0.2349163603112004
0 0.8916619821488461 0.6748533842772795 0.15734060509226283 0.19167680121764635
0 0.3136749480891532 0.7870204784983086 0.10913134727034209 0.11154302000387943
0 0.25346694823032756 0.9312489684963691 0.12915542093374785 0.13494856909549355
0 0.8245529929545382 0.9412614394086338 0.19927049985882556 0.11747712118273235
0 0.9170968087254364 0.9421062044115434 0.07170694198043534 0.1157875911769132
0 0.6261705739457546 0.32742130638779404 0.3736165944277447 0.3539528869830396