0 0.14765625 0.309375 0.109375 0.08984375
0 0.1890625 0.2734375 0.1359375 0.08046875
0 0.1515625 0.41796875 0.0578125 0.07578125
0 0.24765625 0.41640625 0.06640625 0.07890625
0 0.265625 0.5078125 0.05625 0.05
0 0.35078125 0.3 0.02421875 0.065625
0 0.33671875 0.0671875 0.0546875 0.025
0 0.4421875 0.13046875 0.04140625 0.0390625
0 0.40546875 0.2453125 0.1 0.13515625
0 0.46796875 0.20859375 0.046875 0.03828125
0 0.4765625 0.17265625 0.0421875 0.059375
0 0.49921875 0.22109375 0.0265625 0.06015625
0 0.5296875 0.19765625 0.05234375 0.08359375
0 0.58125 0.225 0.06328125 0.06328125
0 0.584375 0.19921875 0.0625 0.0484375
0 0.57109375 0.16875 0.05390625 0.0484375
0 0.6265625 0.17265625 0.06171875 0.065625
0 0.54296875 0.2921875 0.0515625 0.07421875
0 0.58046875 0.32890625 0.03359375 0.046875
0 0.6 0.28828125 0.04765625 0.04921875
0 0.6515625 0.28515625 0.0625 0.05703125
0 0.6171875 0.353125 0.075 0.06484375
0 0.42734375 0.36015625 0.084375 0.08203125
0 0.50859375 0.3546875 0.0859375 0.08046875
0 0.5125 0.44140625 0.0484375 0.06640625
0 0.5890625 0.4078125 0.0875 0.053125
0 0.5921875 0.45625 0.10390625 0.06171875
0 0.4703125 0.47265625 0.05078125 0.07109375
0 0.375 0.4890625 0.05546875 0.05390625
0 0.2953125 0.6 0.04921875 0.06484375
0 0.703125 0.47265625 0.06796875 0.07265625
0 0.78203125 0.53359375 0.1125 0.16796875
0 0.55859375 0.509375 0.05859375 0.04375
0 0.628125 0.521875 0.0515625 0.053125
0 0.60390625 0.57890625 0.07109375 0.08125
0 0.69765625 0.59765625 0.10625 0.11953125
0 0.71875 0.68125 0.11171875 0.10703125
0 0.75703125 0.653125 0.0484375 0.05390625
0 0.859375 0.63984375 0.06953125 0.0890625
0 0.80625 0.6359375 0.05546875 0.06953125
0 0.79453125 0.7125 0.07734375 0.09609375
0 0.9 0.7859375 0.159375 0.0921875
0 0.85703125 0.72421875 0.0328125 0.0625
0 0.4375 0.56015625 0.10546875 0.1125
0 0.36796875 0.66796875 0.05078125 0.11953125
0 0.3578125 0.5921875 0.04296875 0.04453125
0 0.4484375 0.65546875 0.07265625 0.059375
0 0.47890625 0.7015625 0.0390625 0.06171875
0 0.6109375 0.6671875 0.046875 0.05390625
0 0.4859375 0.765625 0.03828125 0.04296875
0 0.5234375 0.8109375 0.0578125 0.07734375
0 0.6078125 0.7453125 0.16796875 0.11328125
0 0.6109375 0.8109375 0.084375 0.07421875
0 0.71640625 0.740625 0.11171875 0.06796875
0 0.7546875 0.82265625 0.22890625 0.0796875
0 0.915625 0.896875 0.1421875 0.0921875
0 0.928125 0.853125 0.14375 0.075
0 0.83203125 0.95078125 0.0671875 0.06796875
0 0.81171875 0.88984375 0.08828125 0.07421875
0 0.740625 0.8984375 0.15625 0.10703125
0 0.596875 0.93828125 0.03828125 0.03515625
0 0.62890625 0.8796875 0.0921875 0.1046875
0 0.30625 0.82578125 0.03984375 0.05703125
0 0.5453125 0.6578125 0.05234375 0.04609375
0 0.228125 0.7046875 0.08984375 0.153125