0 0.265625 0.290625 0.08046875 0.04765625
0 0.32421875 0.26171875 0.1390625 0.07265625
0 0.3515625 0.2015625 0.11328125 0.05703125
0 0.36015625 0.1625 0.04609375 0.03984375
0 0.0828125 0.4859375 0.09296875 0.1015625
0 0.1359375 0.4265625 0.04921875 0.05625
0 0.34375 0.41796875 0.08671875 0.07421875
0 0.409375 0.534375 0.08046875 0.0625
0 0.078125 0.628125 0.134375 0.134375
0 0.16171875 0.66171875 0.0578125 0.03984375
0 0.48515625 0.77890625 0.0453125 0.0484375
0 0.60078125 0.79609375 0.02734375 0.0421875
0 0.69921875 0.50625 0.0765625 0.03984375
0 0.7640625 0.51875 0.046875 0.04453125
0 0.675 0.6359375 0.0640625 0.0421875
0 0.70625 0.61640625 0.05234375 0.03828125
0 0.7375 0.60234375 0.0375 0.0328125
0 0.78125 0.5609375 0.0515625 0.0609375
0 0.82109375 0.51171875 0.090625 0.065625
0 0.88203125 0.515625 0.05625 0.05859375
0 0.9296875 0.5234375 0.06015625 0.0484375
0 0.93671875 0.4828125 0.0859375 0.06953125
0 0.9328125 0.41953125 0.0375 0.03359375
0 0.89609375 0.090625 0.0703125 0.04140625
0 0.7109375 0.08125 0.03203125 0.03125
0 0.2796875 0.03359375 0.084375 0.0671875
0 0.21796875 0.9328125 0.04296875 0.04375
0 0.86484375 0.96484375 0.046875 0.0390625