0 0.2739190251716899 0.2541734014452481 0.22935321345960355 0.2385692829929864
0 0.494081627947159 0.17151703464337156 0.38058674410568205 0.3430340692867431
0 0.4762216714076376 0.33541971098372897 0.34468373619701664 0.35478812407456106
0 0.7260863616355365 0.22820335860375315 0.48622393186212315 0.4564067172075063
0 0.8414580577577535 0.4510499080700107 0.2903437460828485 0.3974007539486923
0 0.8172353546782734 0.625008548941804 0.32299973718559977 0.3578180356922786
0 0.622162935210621 0.6530304956271005 0.43743892197629125 0.45216187677385344
0 0.47487941692183233 0.7506419692820987 0.4843775889724856 0.457276351878744
0 0.232343042929006 0.567301286093264 0.17412720258518863 0.18298121120744354
0 0.14328115536175157 0.6810812887925565 0.28656231072350313 0.4040059514591814
0 0.11372971680810155 0.9361123309091053 0.15270318874502423 0.11593542116548719
0 0.2593433057434062 0.8985979076690255 0.2408053666156335 0.1755723755244535
0 0.16059667140763761 0.3593363433566598 0.24730471741393628 0.25862167386477963