0 0.10395780640680093 0.80859375 0.11673530681713329 0.153125
0 0.3234208725594251 0.8046875 0.14146257142762994 0.1375
0 0.32963964488055947 0.84765625 0.1296250446422687 0.0859375
0 0.22411634780265874 0.84453125 0.06515344155801364 0.0625
0 0.3139446866834543 0.709375 0.15897735389503395 0.15625
0 0.22317936484878734 0.74609375 0.0794614034085667 0.0765625
0 0.15914413838773767 0.74765625 0.0890000446422687 0.0859375
0 0.15139409374546897 0.66171875 0.15261825973923263 0.15
0 0.16624575202529962 0.57265625 0.1430796185055306 0.140625
0 0.4066177873353728 0.334375 0.18915577759614005 0.184375
0 0.3291297613607904 0.415625 0.09856595941492108 0.096875
0 0.2224939776755704 0.43828125 0.05087275324641087 0.05
0 0.22036446184725778 0.4953125 0.10018300649282175 0.1
0 0.3223866578694982 0.56640625 0.21779897483619653 0.2140625
0 0.4357787763750288 0.70703125 0.16891718993316046 0.278125
0 0.4665343039744643 0.41015625 0.13195120373287814 0.1296875
0 0.5469718262955986 0.453125 0.10568871266133187 0.146875
0 0.6488286067344078 0.38046875 0.13033415665497755 0.1265625
0 0.532658135955401 0.34921875 0.0683329886359143 0.065625
0 0.5579779155834312 0.14375 0.1255921095770768 0.1234375
0 0.4312614569792891 0.1796875 0.07474662986961622 0.075
0 0.6015796854689336 0.26953125 0.09538641233702042 0.09375
0 0.5602455734562248 0.22890625 0.09538641233702042 0.09375
0 0.7058132179363378 0.28828125 0.09856595941492116 0.096875
0 0.7930910754848197 0.3203125 0.10457049756436802 0.0828125
0 0.8415268011350904 0.1859375 0.10810460064862326 0.10625
0 0.9478837155007056 0.37109375 0.09094437418757337 0.1078125
0 0.8282451456946337 0.49921875 0.08741027110331814 0.084375
0 0.5168963628201924 0.6546875 0.1415171185055307 0.140625
0 0.5942071107915975 0.56328125 0.14946598620028234 0.1484375
0 0.45961787661991016 0.50625 0.14332508035608366 0.1546875
0 0.6765850085181213 0.67265625 0.11343875730360065 0.2328125
0 0.6117509411476811 0.71796875 0.1701057686676865 0.1671875
0 0.5548930150109431 0.77265625 0.10810460064862308 0.10625
0 0.8296770064895265 0.58125 0.19233532467404083 0.1875
0 0.7294997284863494 0.57109375 0.13195120373287814 0.1296875
0 0.5845044228837366 0.8578125 0.13831029788867966 0.1359375
0 0.7196567187438213 0.90234375 0.10015573295387145 0.0984375
0 0.7148134857899499 0.80390625 0.1335682508107789 0.1328125
0 0.8020037942319365 0.74140625 0.15897735389503395 0.15625
0 0.9147668469918798 0.71171875 0.12082278896022594 0.11875
0 0.32100675892186314 0.9796875 0.23664661201270878 0.040625