0 0.6508258239757774 0.9926540543636108 0.05070137272903601 0.014691891272778434
0 0.6343880098812534 0.9052423924335431 0.14419576546195145 0.1895152151329139
0 0.6482272403364161 0.9311300942050742 0.05070137272903601 0.050426975104890914
0 0.707347019883193 0.9608717194055669 0.09958515394280312 0.07825656118886606
0 0.7159089479127614 0.9517870589370029 0.06109673879011233 0.06363737012586874
0 0.7908772548802836 0.900012916615317 0.08112219636645772 0.0806831601678251
0 0.8302112086636072 0.7826487404754523 0.07930460485118865 0.07743976099766207
0 0.9400327477532819 0.75836098072719 0.054209010001939714 0.05535127344521662
0 0.9634875125870135 0.7053194137155321 0.07302497482597303 0.0806831601678251
0 0.9195610089631696 0.6978019890255598 0.09260183030538158 0.06913035352912936
0 0.8737384548705853 0.6500739614311583 0.06597542848861018 0.10438076929603177
0 0.6037440456369483 0.8617638649509987 0.10813097758022465 0.12620914772027056
0 0.48856571366457696 0.782382173039587 0.12857102333785927 0.12931083693238996
0 0.34875378563500864 0.7911982981398334 0.06591178454774686 0.06555506763635802
0 0.4189551021454285 0.671514605403229 0.06591178454774678 0.06555506763635784
0 0.6491525273000589 0.7712581867365416 0.08829696757828494 0.07346265601864026
0 0.5773257115385451 0.6617755203449391 0.15857700091808394 0.249600026144509
0 0.7371790725986516 0.6606893848717306 0.13026106909549373 0.13099173610255282
0 0.8583210068371375 0.5658290159952616 0.08048446757828528 0.0728706601678251
0 0.9322688188056297 0.5395993253332497 0.12700852333785945 0.12919243776222675
0 0.9583054181968066 0.930701273869424 0.08338916360638678 0.13859745226115194
0 0.7714748400174569 0.5196509103915398 0.14872402667183912 0.14791912697434598
0 0.882509030839314 0.47238759192998925 0.23498193832137204 0.19683206888575774
0 0.9170117055349024 0.40196927076914635 0.16597658893019512 0.19150410622842173
0 0.7618770862244352 0.38305055956170275 0.3336406448589472 0.30168643486244173
0 0.5427121112292843 0.49455213154773825 0.08788237939699588 0.08740675684847724
0 0.6006525438007805 0.38636204586474826 0.09464256242753404 0.09413035352912935
0 0.48725985243529263 0.3288553539533366 0.24505663485700763 0.24373037967363853
0 0.4898431053102306 0.2273403981444778 0.4413255991013127 0.3082934776036904
0 0.7859528307644232 0.24046124047545234 0.2212684484924896 0.21863529129135612
0 0.9250789747052867 0.2898244682796354 0.1468744842481847 0.1633073286340201
0 0.18257222349733876 0.3438119674312209 0.3312489684963689 0.32945623735195273
0 0.22507910364324063 0.19873718838692672 0.23501221303635714 0.17775018216314944
0 0.4443395445496865 0.14547416889040218 0.307429089099373 0.24690384648015945
0 0.26329529138488456 0.5813012346526604 0.32110869395056174 0.31937084233097457
0 0.42582750016917786 0.49889424420042994 0.28899782455550566 0.28743375809787713