0 0.5171875 0.2640625 0.1265625 0.15
0 0.5125 0.140625 0.1125 0.08515625
0 0.64609375 0.1953125 0.096875 0.10078125
0 0.73125 0.18515625 0.1046875 0.090625
0 0.91484375 0.25859375 0.14453125 0.1390625
0 0.87265625 0.39296875 0.13046875 0.08671875
0 0.95234375 0.53046875 0.09453125 0.12734375
0 0.8015625 0.56953125 0.13046875 0.0796875
0 0.709375 0.425 0.07578125 0.07734375
0 0.61171875 0.38359375 0.09375 0.05390625
0 0.30703125 0.37578125 0.1203125 0.0828125
0 0.19296875 0.39453125 0.0890625 0.1359375
0 0.1484375 0.48671875 0.115625 0.03828125
0 0.16640625 0.6484375 0.13671875 0.128125
0 0.33359375 0.6140625 0.13671875 0.0890625
0 0.36171875 0.51328125 0.14140625 0.07890625
0 0.44921875 0.740625 0.1125 0.07421875
0 0.30625 0.81875 0.25078125 0.10546875
0 0.503125 0.93359375 0.31015625 0.1171875
0 0.68828125 0.8234375 0.178125 0.18515625
0 0.6140625 0.58203125 0.14765625 0.15625