0 0.06640625 0.18046875 0.05859375 0.0640625
0 0.125 0.12890625 0.07109375 0.07421875
0 0.14609375 0.378125 0.13984375 0.05703125
0 0.13203125 0.31875 0.06328125 0.046875
0 0.1484375 0.26875 0.065625 0.01953125
0 0.16015625 0.2171875 0.07265625 0.046875
0 0.26328125 0.18671875 0.065625 0.04765625
0 0.33359375 0.18203125 0.059375 0.0328125
0 0.3296875 0.32890625 0.0640625 0.07578125
0 0.42734375 0.2578125 0.06328125 0.06796875
0 0.21796875 0.31640625 0.075 0.06328125
0 0.2109375 0.5625 0.09609375 0.05625
0 0.23515625 0.4796875 0.08671875 0.07265625
0 0.32109375 0.609375 0.0640625 0.0765625
0 0.3421875 0.54140625 0.08046875 0.04921875
0 0.6171875 0.68203125 0.04453125 0.05703125
0 0.53203125 0.159375 0.134375 0.04375
0 0.665625 0.27109375 0.09765625 0.08046875
0 0.69296875 0.3859375 0.09140625 0.09765625
0 0.709375 0.3171875 0.028125 0.06875
0 0.72734375 0.234375 0.078125 0.14296875
0 0.809375 0.36171875 0.121875 0.08046875
0 0.79296875 0.27109375 0.0578125 0.0765625
0 0.52734375 0.375 0.04296875 0.02890625
0 0.571875 0.4234375 0.0796875 0.02578125
0 0.459375 0.61171875 0.0625 0.08984375
0 0.61875 0.1859375 0.09453125 0.03359375
0 0.79609375 0.22734375 0.08984375 0.059375
0 0.796875 0.496875 0.1515625 0.10390625
0 0.80859375 0.6109375 0.10234375 0.03984375