0 0.7084842073723748 0.08242765056663125 0.16428158525525038 0.12802937476889079
0 0.673231702849819 0.20268031459411168 0.2416430246489437 0.23480822367353413
0 0.025971600520398364 0.286869514185765 0.05194320104079673 0.11123902837152996
0 0.040471191768542567 0.18250026293212374 0.08094238353708513 0.17437552586424748
0 0.3217887115562463 0.17524065855069706 0.1692899898232348 0.16405780298213618
0 0.32549580845860004 0.3881725675636125 0.3371812539567289 0.33119514185764964
0 0.2383443684990798 0.28939643527287434 0.3057741236990041 0.29751882383181877
0 0.2263965671650273 0.36807536473976094 0.1364841338757694 0.13346102084968248
0 0.11684890603832235 0.40830189647650317 0.2336978120766447 0.2541037929530063
0 0.19366379579544388 0.7239161877801568 0.14972111827193718 0.14788723370266404
0 0.20413430631089344 0.6584957762599589 0.06503850180902226 0.05025606426490725
0 0.30945364936805997 0.5449764970304991 0.1491412641334942 0.16659176959604133
0 0.40182261307201284 0.43968725494805794 0.16452060266810484 0.16235891066226812
0 0.143248795229617 0.5213618376218723 0.06906426051544959 0.06753449247815269
0 0.12140037143975586 0.6396571965556455 0.11666960085908262 0.11260295157021041
0 0.17246706298115583 0.26244147868809903 0.09529256784239584 0.09169941818411545
0 0.4628430794894992 0.2607188204666064 0.2663907191310198 0.2604901852728744
0 0.7444737805302959 0.5005160725116704 0.2827527035271876 0.2750073263391011
0 0.7911041983272632 0.3273884610706148 0.4096028878324983 0.46279213433580224
0 0.8491269810052657 0.5340763817620127 0.0624048247398008 0.05954013605166182
0 0.5469016604493364 0.6872478797169487 0.33522925033868417 0.23441107007089493
0 0.657466182723431 0.30941604790106425 0.0624048247398008 0.059540136051661904
0 0.5864775740624323 0.4098503054229116 0.06906426051544959 0.0675344924781525