0 0.8953125 0.13359375 0.209375 0.2671875
0 0.603125 0.1703125 0.1671875 0.24765625
0 0.69453125 0.33359375 0.16796875 0.17109375
0 0.81796875 0.359375 0.1328125 0.2015625
0 0.87578125 0.5359375 0.18359375 0.2203125
0 0.43125 0.3828125 0.0765625 0.07890625
0 0.484375 0.4625 0.11640625 0.13046875
0 0.68359375 0.8578125 0.26875 0.25234375
0 0.684375 0.74609375 0.096875 0.0890625
0 0.79296875 0.72265625 0.12265625 0.13828125
0 0.12890625 0.53125 0.17421875 0.20625
0 0.17578125 0.3796875 0.090625 0.1203125
0 0.30859375 0.5125 0.11328125 0.146875
0 0.3046875 0.2203125 0.12734375 0.175
0 0.421875 0.1796875 0.14375 0.1375
0 0.20703125 0.24296875 0.08359375 0.07734375
0 0.28359375 0.70546875 0.1453125 0.15546875
0 0.4125 0.59765625 0.08984375 0.1140625
0 0.47109375 0.6546875 0.12109375 0.084375
0 0.38203125 0.84609375 0.21640625 0.15546875
0 0.3984375 0.72578125 0.13203125 0.1046875
0 0.634375 0.53984375 0.2390625 0.3625
0 0.9734375 0.93046875 0.0484375 0.1390625