0 0.38203125 0.1671875 0.07734375 0.1078125
0 0.48125 0.2921875 0.09375 0.11875
0 0.55078125 0.3859375 0.125 0.12421875
0 0.71875 0.21484375 0.1296875 0.16484375
0 0.61171875 0.0625 0.1109375 0.08515625
0 0.0484375 0.6546875 0.096875 0.125
0 0.10703125 0.57734375 0.15625 0.11640625
0 0.1171875 0.4546875 0.059375 0.06328125
0 0.3203125 0.4828125 0.128125 0.13984375
0 0.3421875 0.36953125 0.14609375 0.09921875
0 0.45625 0.47421875 0.14375 0.16640625
0 0.63203125 0.56015625 0.0875 0.0859375
0 0.6203125 0.73671875 0.2328125 0.16640625
0 0.71640625 0.66875 0.190625 0.17734375
0 0.8046875 0.55390625 0.18046875 0.146875
0 0.13359375 0.73203125 0.10546875 0.10546875
0 0.2609375 0.8109375 0.121875 0.1109375
0 0.5296875 0.8734375 0.1953125 0.128125
0 0.678125 0.9234375 0.1484375 0.1359375
0 0.753125 0.37421875 0.078125 0.075
0 0.88046875 0.31171875 0.1015625 0.0796875
0 0.96171875 0.8234375 0.07421875 0.23125
0 0.9328125 0.9484375 0.13125 0.103125
0 0.35390625 0.68046875 0.234375 0.27109375