0 0.6052306478230818 0.06215826988220709 0.11453870435383653 0.10506142126547416
0 0.19974453965571373 0.03319214975511869 0.31279266587924914 0.058552434251117655
0 0.668581297375444 0.3970611497518234 0.22633435462398896 0.2210057954530476
0 0.6201760576270631 0.2609775994275118 0.14715279691210786 0.14466939204448098
0 0.468911168789656 0.31696672645775437 0.37434032340579576 0.3453899610364789
0 0.29046373185901464 0.43501947686479153 0.3233581767638404 0.31639220779006794
0 0.6272097305930704 0.6863594289728165 0.44954370924797793 0.44195704382819445
0 0.40807529547652754 0.7607070438281947 0.2829861479078996 0.27821036931630944
0 0.11828864805474984 0.7585682508107789 0.23657729610949968 0.25595353977100466
0 0.012237038937923545 0.9774119338473758 0.02447407787584709 0.045176132305248376
0 0.10032240381353152 0.3705773271096728 0.20064480762706305 0.2411546542193456