0 0.8693487588337152 0.10226442851958642 0.1894274823325695 0.09592377723940819
0 0.6026859760643054 0.19551812974075317 0.23525304787138915 0.3222020539746133
0 0.7234004791984374 0.08579855833721418 0.10944904160312507 0.07785148441265972
0 0.6724347784010068 0.22465360870553125 0.27304268218006966 0.27024607006615675
0 0.8802979105254858 0.43873180624352726 0.22373235999173638 0.22935899011264294
0 0.8184369562126734 0.2724241092097343 0.18706750816812523 0.19559599530842303
0 0.9040276576756942 0.36057395525479147 0.16148562670923639 0.16884782500983525
0 0.9441441646095484 0.35164135166816574 0.07202177678548623 0.07835422896477802
0 0.5702689470946177 0.4115748184766728 0.1854322729857641 0.1923617346647614
0 0.7047329064414233 0.5180101247970746 0.2126130220358336 0.2207816656070108
0 0.5945013084175341 0.6480257707062458 0.36127134042444486 0.3746929054675521
0 0.7977003500206592 0.5918078937386096 0.14233558320625014 0.1503491972858944
0 0.5130357157119787 0.517125695948512 0.2685733877271531 0.2792932881351714
0 0.4141819480445482 0.42726588443233016 0.2318358007211808 0.24240529333095165
0 0.41058351614881905 0.48100824346683757 0.15985039152687505 0.16561356436617344
0 0.4194370649701387 0.20148463443233017 0.21083492933027798 0.34545388367602553
0 0.17905106715434024 0.2586587240210995 0.3581021343086805 0.40794244804219904
0 0.23427624249746493 0.4240759104112307 0.21421188962701407 0.2224534262506726
0 0.09702433657946159 0.6674220828035053 0.19404867315892319 0.28618814431968714
0 0.19458700171242982 0.8728801251260508 0.2888495201359724 0.25423974974789837
0 0.5625557517124299 0.8847895352851799 0.3435370201359724 0.23042092942964026
0 0.8636279424418742 0.896354738018956 0.23834037385944457 0.207290523962088
0 0.5600321233876729 0.8177701881548419 0.4363778303564585 0.250468437650639
0 0.30485627374826335 0.6864609319506557 0.254838196047778 0.29237244234221593
0 0.2152320357161106 0.6035066842964442 0.3120337534184725 0.33693082551403836