0 0.23171765909739644 0.6876425016248531 0.07591049620027786 0.10753185633066593
0 0.17083862974645908 0.8926942402607674 0.08314111474138897 0.08266822402541756
0 0.1334067924561464 0.6612220978092493 0.08797408510611118 0.0890000446422686
0 0.5273555077868755 0.5957281424548133 0.11184799620027785 0.10815914772652384
0 0.48856707114149367 0.6753435044675221 0.10232752583555574 0.10174550649282174
0 0.4861700761754868 0.7402554383148979 0.06747974715020852 0.0808329886359143
0 0.4847348627446187 0.7457514618538483 0.07994337955902786 0.07948867694751698
0 0.35395829464034795 0.801962325895152 0.059158100873680654 0.05882162094116268
0 0.3234472981557296 0.4984651789794071 0.06075696846486114 0.06041139448011279
0 0.2381644147969796 0.5280902236216759 0.05276263050895835 0.05246252678536116
0 0.2750065321038197 0.33127372483949186 0.13103440729444457 0.12723643019392786
0 0.1758975380877434 0.37130048133231364 0.0406626740119445 0.06943183847375849
0 0.32589492524621544 0.23425267451518028 0.11032186379145843 0.10969437418757347
0 0.0581872804882991 0.5859414541399153 0.08314111474138894 0.08266822402541774
0 0.43205531268902797 0.29570659740550753 0.13110714247680555 0.13036143019392785
0 0.5761137840036807 0.27287129505260105 0.0816149823325695 0.08420345048646727
0 0.6233537663362503 0.35489286242304124 0.046403527735416714 0.04766593262955983
0 0.770739872243924 0.4750263100701348 0.06464568787965277 0.09327844155801372
0 0.3516106253780561 0.6003589155867266 0.09916615824437507 0.10012845941492117
0 0.5682747145682299 0.7755559642894803 0.054361498100139016 0.05405230032431145
0 0.6631332728888548 0.7879684151829848 0.08633884992375015 0.0858477711033185
0 0.8133157640551396 0.8267700422132271 0.11835256933854196 0.11920574188232536
0 0.6373032443004168 0.14831557995563716 0.1455333183886111 0.14623189204448095
0 0.7169153962765278 0.015929368508825887 0.07133079255305556 0.031858737017651774
0 0.8839821418112155 0.3370569314183344 0.05116376291777769 0.05087275324641087
0 0.709800412612778 0.37526781778077256 0.10872299620027785 0.10810460064862308
0 0.48636487224392405 0.4799900941590966 0.09109908510611113 0.08905459172016936
0 0.3149302026003825 0.703384504060485 0.11032186379145843 0.10969437418757337
0 0.06448334014010429 0.15128008198093673 0.12482077488562511 0.1286898360381265
0 0.7878474517473613 0.10192004667745416 0.05276263050895835 0.05246252678536121
0 0.849041484516771 0.2126160389668164 0.06875130642076392 0.0683602621748646
0 0.9430272206490627 0.45940348986032087 0.11394555870187446 0.1380921095770768
0 0.3454398926642369 0.9396668774372795 0.04792966014423614 0.04613070616851047
0 0.46593357740975777 0.9117719281686284 0.0831774823325695 0.08423072402541791
0 0.4171700755098966 0.9657696814150392 0.062210365691319505 0.055751168019063255