0 0.07237188772095664 0.4828616958233896 0.14474377544191327 0.1842766083532208
0 0.24656298224846118 0.24725802791687473 0.15786116689245616 0.15698636228216234
0 0.49856921754914013 0.19733284077993757 0.17109815128862388 0.17163105913900917
0 0.631624056988262 0.17165213647949262 0.11855300542706679 0.15047949710451589
0 0.7988956869073025 0.3555797185729778 0.2909746393028364 0.2878811054577367
0 0.566952968114967 0.3944389731210918 0.27625704206179835 0.274726133993784
0 0.17666772557819885 0.6440816780407093 0.26671826775153884 0.271164486351149
0 0.38508109113660255 0.563454454509842 0.22355476594251655 0.22083484656639668
0 0.6422041943705343 0.5943426197302696 0.13467597241038015 0.13096751778268043
0 0.7078015388980389 0.651296787017612 0.18589763568479167 0.18634853060296203
0 0.8556525407070612 0.5960912485567671 0.19938028154634857 0.20568072745980875
0 0.8175373077812316 0.7880261914846726 0.14577060266810485 0.1642166654253156
0 0.4975213789029877 0.8418983240307145 0.24197057326946272 0.245072867244561
0 0.16437235922682564 0.09054145512901447 0.06462242198083885 0.07315070967712842