0 0.8118391183170294 0.15158782846938706 0.3111782366340588 0.2343904466297826
0 0.825492094639506 0.14529356286555486 0.26348418927901207 0.21787133197589004
0 0.5931885578783904 0.04822273179417595 0.32387711575678074 0.05124375395672889
0 0.37847985772309856 0.19975317503305656 0.16874854195220043 0.16928998982323468
0 0.3420502630835925 0.09581262550802641 0.12226838410204496 0.12012214947960165
0 0.5414712233387049 0.3905496726582074 0.10086382096198285 0.10030761646291478
0 0.3994040916557344 0.4921453929208809 0.2682472839891055 0.24616010628614954
0 0.18754883376322656 0.4787059334007996 0.28752790500755804 0.28299836499257686
0 0.1551480445124492 0.24334828753924254 0.3001034997176514 0.3116965750784851
0 0.0684803153473751 0.46701375961093844 0.089455884102045 0.1184025192218769
0 0.0920271472562246 0.12243159995457147 0.1736334630271227 0.14618003844375366
0 0.04565965244730928 0.19555151741285454 0.07876057878390338 0.1754780348257091
0 0.656631304682857 0.6427063941640764 0.09755681043863902 0.09701884215265544
0 0.6930763098739418 0.7201663308442363 0.07936825256024882 0.07893058344622794
0 0.9043034867399395 0.39470042062204247 0.1913930265201209 0.27627033016686775
0 0.9737762181476203 0.714999632516973 0.052447563704759406 0.18419129353213623
0 0.9181966781909712 0.8410055325624015 0.10655237884037305 0.1177407779283044