0 0.1828125 0.62265625 0.20703125 0.29140625
0 0.39609375 0.721875 0.0515625 0.05625
0 0.33359375 0.6625 0.0453125 0.0546875
0 0.39609375 0.6125 0.084375 0.0734375
0 0.33203125 0.553125 0.12578125 0.10546875
0 0.25234375 0.46484375 0.14609375 0.11015625
0 0.33828125 0.246875 0.09921875 0.08828125
0 0.41875 0.43203125 0.11953125 0.13515625
0 0.43046875 0.27421875 0.11875 0.18125
0 0.43203125 0.103125 0.1703125 0.20625
0 0.59609375 0.1734375 0.18203125 0.2109375
0 0.55234375 0.309375 0.203125 0.2171875
0 0.7171875 0.2578125 0.02734375 0.0296875
0 0.68125 0.36875 0.07265625 0.0546875
0 0.61796875 0.47890625 0.10625 0.11328125
0 0.53203125 0.53203125 0.12421875 0.0921875
0 0.653125 0.54296875 0.05 0.0546875
0 0.69609375 0.63359375 0.05234375 0.0734375
0 0.63125 0.69140625 0.08515625 0.08203125
0 0.56953125 0.75625 0.0625 0.0796875
0 0.6375 0.8328125 0.05390625 0.05703125
0 0.50390625 0.9078125 0.175 0.16328125
0 0.82109375 0.6265625 0.109375 0.0890625
0 0.771875 0.475 0.2234375 0.1859375
0 0.54453125 0.60703125 0.02734375 0.03671875
0 0.203125 0.878125 0.1109375 0.14140625