0 0.3957300035477069 0.840625 0.36321593071325686 0.31875
0 0.1955425946292816 0.9515625 0.14644987012586883 0.05625
0 0.2437773398553968 0.86640625 0.13963303029369403 0.13125
0 0.17492059607917412 0.8546875 0.1446757278041831 0.1359375
0 0.2593296396456154 0.77265625 0.17637601369695446 0.1625
0 0.18976157823303474 0.7 0.1935402029090738 0.1828125
0 0.20697054379015584 0.5765625 0.14131392946385707 0.1328125
0 0.3574530280186089 0.41796875 0.2664360190955392 0.340625
0 0.18915239129600053 0.39296875 0.07900226099766217 0.0734375
0 0.272603508722577 0.36015625 0.11766294191141169 0.109375
0 0.20658649979950736 0.2828125 0.14960002614450918 0.1390625
0 0.12817715726804013 0.26875 0.1060150468904335 0.1
0 0.288733381123531 0.1296875 0.364966762247062 0.259375
0 0.41758227676920906 0.23203125 0.21863529129135612 0.2046875
0 0.7087391504195628 0.1875 0.4159158008391257 0.375
0 0.554239981953368 0.128125 0.20002700124939993 0.1859375
0 0.4946514944009226 0.1046875 0.2330529888018452 0.209375
0 0.6934083031142109 0.08828125 0.22985621120744354 0.1671875
0 0.5263806267738534 0.4203125 0.3041243506293444 0.28125
0 0.7798957904661636 0.39453125 0.4369153850722231 0.4046875
0 0.47871641184143227 0.63671875 0.3966922041584738 0.36875
0 0.6503098371561045 0.77734375 0.38660680913749557 0.359375
0 0.7433503647505061 0.81953125 0.4617252083076586 0.3609375
0 0.8490574197155947 0.65234375 0.30188516056881054 0.3234375
0 0.920066814111873 0.43984375 0.15986637177625412 0.2328125
0 0.7896618767738535 0.4203125 0.35339064482048566 0.2921875
0 0.7827606813379568 0.41171875 0.24216787967363854 0.2265625