0 0.7058746723964239 0.3235946405085891 0.05933993882958344 0.06596134328594587
0 0.7570014145126391 0.3387338271786767 0.048366071238402954 0.0643352107723885
0 0.360938806420764 0.06927828258831208 0.08797408510611122 0.08799996974937896
0 0.6556161799958682 0.1108310200952802 0.09273432028847246 0.09115224082661784
0 0.5238999334143406 0.4256469781371942 0.09429682028847228 0.0911613311856975
0 0.6063123899113545 0.40894126716841395 0.0719126740119446 0.06915906615858276
0 0.6702677467689588 0.505394086352059 0.08361389342673604 0.10203519867214013
0 0.7009969488006604 0.8188116917382532 0.06231946846486114 0.05972952400410492
0 0.2441455771254173 0.7231976472460844 0.11032186379145843 0.10843973477649378
0 0.35783525626826407 0.23798737597245384 0.07354790919430557 0.07229315651766247
0 0.31272147159899316 0.1791390959182245 0.04960126291777787 0.050281801131468115
0 0.05737739532659727 0.04876475292686624 0.05639677678548618 0.07375566256778662