0 0.48885817148229477 0.9063448856905026 0.21294576546195146 0.18731022861899477
0 0.06905611238874065 0.9556755283388292 0.13191942182065047 0.07595620636839726
0 0.1939445420852989 0.9709977038679124 0.0941643303053814 0.05800459226417516
0 0.20840513906057975 0.828634280464861 0.1352036606107628 0.1352036606107628
0 0.02072786180901249 0.5345661896984979 0.04145572361802498 0.09413237939699588
0 0.6081635731783797 0.14165927850800691 0.09126247091226496 0.09126247091226491
0 0.8257974833301006 0.15391938881920736 0.0913900166698994 0.09282497091226491
0 0.7636481696946186 0.12525251275619137 0.10727010818516866 0.09722542848861027
0 0.6321429492413956 0.07912732759962135 0.09563123545613247 0.04971269970043759
0 0.4065373002995624 0.12598712577315188 0.13026106909549373 0.13169602333785918
0 0.6966379469461859 0.6860306450281252 0.15717425546001174 0.15717425546001174