0 0.3125 0.04375 0.23046875 0.0875
0 0.275 0.3359375 0.3015625 0.33671875
0 0.4265625 0.5375 0.10625 0.12734375
0 0.1171875 0.38828125 0.2328125 0.3765625
0 0.265625 0.68671875 0.29609375 0.3140625
0 0.30546875 0.890625 0.20625 0.21796875
0 0.634375 0.384375 0.30859375 0.40859375
0 0.7125 0.534375 0.06953125 0.07421875
0 0.5234375 0.44453125 0.0515625 0.10234375
0 0.69140625 0.29765625 0.13984375 0.134375
0 0.8171875 0.37890625 0.09296875 0.11875
0 0.9296875 0.48359375 0.1 0.103125
0 0.965625 0.74921875 0.06875 0.14765625
0 0.896875 0.909375 0.0921875 0.10859375
0 0.63203125 0.853125 0.12578125 0.2421875
0 0.6734375 0.68203125 0.09140625 0.09140625
0 0.76953125 0.67265625 0.05859375 0.06875
0 0.55078125 0.71015625 0.19453125 0.0734375
0 0.09453125 0.61796875 0.11015625 0.15390625