0 0.2745937800756731 0.20725728331487558 0.08313147748246603 0.08313147748246603
0 0.23177642196382356 0.2683542720561086 0.13633562307124433 0.13633562307124433
0 0.16406848781838237 0.2929222779162048 0.08946062307124433 0.13333173658176473
0 0.12094954349390838 0.29801959053156113 0.05682979333702489 0.061216904688076924
0 0.5194323180140271 0.04619342381413746 0.1341723457733483 0.09238684762827493
0 0.44528461674972286 0.08116874537652155 0.06816781153562221 0.06816781153562217
0 0.3923041093484672 0.3008594841177546 0.11139617982650449 0.11139617982650449
0 0.4992969841177546 0.37958765654300347 0.09154475478036198 0.09300712523071271
0 0.6663178099944627 0.06323192705333995 0.18022532541528272 0.1264638541066799
0 0.6858607495385747 0.12721722085640277 0.06983044108527156 0.06983044108527148
0 0.7386122031192308 0.48173593769841067 0.06474242288667434 0.06328005243632351
0 0.7322144039221098 0.6058545581487614 0.046653756939830336 0.048116127390180986
0 0.4080469162606109 0.6865373658268722 0.06362001387966068 0.0943297933370248
0 0.4058347717515668 0.7574809215023983 0.06307979333702499 0.061617422886674336
0 0.5482411196843835 0.672107021133258 0.05783108883351815 0.07684190468807692
0 0.5213386582410464 0.7033965939276471 0.059854663787375625 0.059854663787375625
0 0.49980481724806003 0.7358982132982635 0.04831638648947969 0.04977875693983016
0 0.4464702637320023 0.7789961736618667 0.07325582973421944 0.0747182001845701
0 0.3864048488648926 0.8178572169988915 0.10807092072720578 0.10807092072720578
0 0.3775619725544458 0.8830013556478393 0.07481832973421945 0.07481832973421945
0 0.37508901219084284 0.9337325408730148 0.0747182001845701 0.07325582973421944
0 0.3319898542635634 0.9263799182631957 0.09144462523071262 0.09144462523071298
0 0.26646498381321276 0.9290228593484672 0.0498788864894796 0.04987888648947951
0 0.03985783467146495 0.20362684531192307 0.04432979333702488 0.06041586829088237
0 0.9552337083610182 0.20954435534329763 0.05829216378737563 0.059754534237726274
0 0.8510705212901415 0.9001180930047965 0.051942034237726274 0.05779151603912922