0 0.21953125 0.5765625 0.090625 0.13203125
0 0.14921875 0.675 0.05 0.0984375
0 0.22421875 0.5203125 0.0875 0.04609375
0 0.40625 0.434375 0.1125 0.16953125
0 0.88515625 0.159375 0.15859375 0.22734375
0 0.78046875 0.39296875 0.14921875 0.15546875
0 0.07421875 0.325 0.14375 0.24609375
0 0.25546875 0.1359375 0.13671875 0.27109375
0 0.40234375 0.096875 0.1546875 0.18828125
0 0.47265625 0.18125 0.12421875 0.0953125
0 0.5046875 0.084375 0.0828125 0.16640625
0 0.596875 0.03515625 0.13359375 0.06796875
0 0.334375 0.20546875 0.05078125 0.0609375
0 0.73359375 0.08515625 0.06875 0.03828125
0 0.5953125 0.49921875 0.07109375 0.05546875
0 0.815625 0.565625 0.05078125 0.09453125
0 0.63359375 0.8046875 0.2046875 0.0890625
0 0.72734375 0.9265625 0.1890625 0.146875
0 0.65625 0.85625 0.0171875 0.00078125
0 0.90078125 0.9703125 0.1109375 0.059375