0 0.29074424036474444 0.2921875 0.5814884807294889 0.584375
0 0.5607560916055817 0.3093554996954582 0.4630776982943006 0.46054838525286196
0 0.71924058096192 0.2976298504060521 0.35775677774361136 0.3558027236249547
0 0.2824004067280598 0.7054432618770757 0.49946294854640205 0.5359884762458484
0 0.9664846086179179 0.5056974645348813 0.06703078276416434 0.08156897748246603
0 0.8274019142696284 0.5426035865263914 0.05160605866619043 0.04841651603912887
0 0.8859353161308843 0.6165429318383145 0.05840236188449879 0.05662953423772628
0 0.9865701925943174 0.6218138178663689 0.026859614811365163 0.0842934592838688
0 0.8361863244287576 0.7131163456256902 0.16895708565349707 0.16948808451458142
0 0.7357824968210324 0.5790801095053507 0.13185056956195354 0.12822273442229637
0 0.6786798270266476 0.7051605505906222 0.10866444183801285 0.10807092072720578
0 0.5162344573484785 0.7163552737541516 0.25669702229572966 0.31199456199704745
0 0.8219102930019755 0.8568558536452546 0.06185514381548422 0.06151729333702498
0 0.6603390084731002 0.880550576808784 0.13206909084927715 0.13134773442229636
0 0.5618633036456371 0.8750899236618664 0.22218063861970413 0.1075678778516064