0 0.50390625 0.1640625 0.1390625 0.328125
0 0.61953125 0.2765625 0.12265625 0.1140625
0 0.80390625 0.384375 0.06640625 0.08671875
0 0.78515625 0.49609375 0.05546875 0.0578125
0 0.52890625 0.5875 0.0796875 0.0546875
0 0.415625 0.6578125 0.0796875 0.1296875
0 0.2203125 0.70234375 0.17109375 0.1796875
0 0.4609375 0.9234375 0.1390625 0.153125
0 0.6359375 0.92734375 0.165625 0.1453125
0 0.03359375 0.54609375 0.06640625 0.19296875
0 0.965625 0.2265625 0.06875 0.096875
0 0.9828125 0.43046875 0.03359375 0.14375
0 0.91796875 0.7734375 0.05078125 0.0828125