0 0.8783383757601992 0.5452143051655813 0.10343751324684405 0.10601504689043359
0 0.9548933916009638 0.5462663970723487 0.09021321679807244 0.09917305103961845
0 0.668169712876175 0.471058445212182 0.037192465153609786 0.038660680913749704
0 0.8696553126060225 0.34142645433574437 0.16817462504240907 0.17481351369695447
0 0.6159201881965857 0.32070417031707277 0.11745042794496677 0.2395379419114117
0 0.7012500529873756 0.3416543651282694 0.10349207694917481 0.1075775468904336
0 0.6655952620657176 0.1281605501912039 0.2263889183263199 0.23532588382282338
0 0.4077480788480913 0.4383097578741625 0.1643948606144388 0.1558267153566284
0 0.19548867022523636 0.5734580429417413 0.09540675843752049 0.09917305103961845
0 0.5365874184959558 0.8303886688671802 0.13906747840045347 0.1445573286340199
0 0.4091171829239261 0.8588474008205482 0.11481152286549072 0.11934384108157481
0 0.3051638037051658 0.8205087964662262 0.11157739546082901 0.11598204274124875
0 0.21172631695200977 0.9262870450163337 0.16513890507947587 0.13250761452679144