0 0.2734375 0.08515625 0.12890625 0.1046875
0 0.2421875 0.29609375 0.09296875 0.11015625
0 0.20234375 0.29453125 0.0515625 0.10625
0 0.2203125 0.19921875 0.05078125 0.05078125
0 0.33046875 0.303125 0.10078125 0.13125
0 0.3109375 0.21328125 0.04296875 0.07421875
0 0.31875 0.1546875 0.05859375 0.078125
0 0.3984375 0.1609375 0.0796875 0.14375
0 0.47734375 0.18984375 0.09453125 0.121875
0 0.66015625 0.4484375 0.15625 0.14140625
0 0.596875 0.36484375 0.06015625 0.09453125
0 0.5921875 0.26328125 0.0328125 0.04765625
0 0.540625 0.25234375 0.06953125 0.090625
0 0.4609375 0.33359375 0.15234375 0.16328125
0 0.31484375 0.41484375 0.2390625 0.1046875
0 0.5828125 0.49140625 0.09296875 0.096875
0 0.53125 0.5578125 0.11953125 0.06484375
0 0.58359375 0.6640625 0.11953125 0.07265625
0 0.62890625 0.56171875 0.06328125 0.046875
0 0.81328125 0.61796875 0.05859375 0.13671875
0 0.7984375 0.49609375 0.06796875 0.05
0 0.69140625 0.63828125 0.0453125 0.0953125
0 0.73515625 0.60625 0.071875 0.065625
0 0.659375 0.73046875 0.0640625 0.084375
0 0.6171875 0.80625 0.0578125 0.0828125
0 0.7328125 0.87109375 0.08046875 0.0875
0 0.5484375 0.93984375 0.08515625 0.06484375
0 0.4484375 0.80859375 0.05859375 0.0671875
0 0.35078125 0.4984375 0.15 0.0671875
0 0.4234375 0.58359375 0.1296875 0.10390625
0 0.4953125 0.4703125 0.121875 0.10625
0 0.3125 0.6421875 0.20703125 0.0640625
0 0.2796875 0.575 0.1984375 0.07265625
0 0.2375 0.51484375 0.109375 0.0515625
0 0.3734375 0.796875 0.15078125 0.13515625
0 0.396875 0.70703125 0.1453125 0.0625
0 0.15625 0.52734375 0.08828125 0.1296875
0 0.0953125 0.64375 0.05390625 0.1015625
0 0.1859375 0.65546875 0.11953125 0.078125
0 0.23046875 0.74609375 0.134375 0.10625
0 0.24140625 0.85390625 0.11328125 0.0703125
0 0.040625 0.26328125 0.08046875 0.21328125