0 0.5 0.1609375 0.07421875 0.1828125
0 0.646875 0.17578125 0.19453125 0.2328125
0 0.63125 0.36796875 0.3015625 0.21953125
0 0.47890625 0.4359375 0.39765625 0.2890625
0 0.40078125 0.70859375 0.1796875 0.34375
0 0.278125 0.3546875 0.14296875 0.15703125
0 0.346875 0.20546875 0.25859375 0.21484375
0 0.58984375 0.66796875 0.3015625 0.21953125
0 0.40078125 0.896875 0.3296875 0.20625
0 0.0796875 0.66875 0.13671875 0.0828125
0 0.8953125 0.06796875 0.0703125 0.090625
0 0.85 0.43046875 0.178125 0.22109375