0 0.09344245994998758 0.3662326737763454 0.18688491989997516 0.2831596524473093
0 0.16174354974993788 0.5794236475385733 0.19295569279472172 0.19842063140062188
0 0.11851117303407824 0.6574268211737444 0.23702234606815648 0.2911233418674957
0 0.2284236182379872 0.8609928949783245 0.23797868778015677 0.24471877872743378
0 0.28762042498104706 0.7296372081889739 0.2563937186589692 0.28790733660582396
0 0.3558094499873647 0.47686925298377175 0.155836126022532 0.15570251038216937
0 0.4391949483380121 0.6131792083301482 0.22189904671392996 0.22818372611071513
0 0.5521171825028944 0.7797458110739235 0.2235524749271754 0.23139973137238706
0 0.42991557356912136 0.7712647241151638 0.1796828029821363 0.17113008930724724
0 0.5583577884671668 0.4580528215972673 0.13989287727617317 0.14385495776545093
0 0.7283316561764286 0.540184240182528 0.33741639812585583 0.2848271102127601
0 0.7921574416075876 0.22293655602401324 0.3113660266556703 0.408098010240995
0 0.8365175438774433 0.3334421455430219 0.23320025956691168 0.2413207629424182
0 0.2595221010162144 0.09140312638600513 0.23487040815498564 0.18280625277201026
0 0.2652348919241566 0.13195784236160604 0.18165447994174028 0.185283594568919
0 0.3016400901956617 0.301421202927302 0.24231449828414037 0.3401222839891055
0 0.5205157738191835 0.17714372681658686 0.4038142879384413 0.3152118312029778
0 0.1313910893377319 0.14833254223454911 0.09804034639736088 0.09930132096198281