0 0.11818011194035909 0.1691030041566351 0.23636022388071817 0.23508100831327022
0 0.33386266564926076 0.10908446113712181 0.3666496687014785 0.20880331630997132
0 0.42644523405748347 0.22366744985435072 0.37163149705932386 0.3633998880967259
0 0.38176349785229347 0.28496265102884966 0.20390400723608923 0.19938754922121243
0 0.1999911974227521 0.33444451082055265 0.3010866236990041 0.2973824315119506
0 0.1109607541838715 0.34244957594338976 0.221921508367743 0.2692741518867795
0 0.11720357050015848 0.45678486058312584 0.23440714100031695 0.2588822211662517
0 0.13741487505780048 0.5431004453020042 0.09776247060135783 0.07929034639736088
0 0.35982438433005465 0.7232616552519918 0.6338393272261917 0.5534766894960164
0 0.17949507519408608 0.8001831710871092 0.1661649898232347 0.16396687476889085
0 0.10072319877951882 0.7241314849563052 0.20144639755903765 0.2793023697543259
0 0.4008499332892579 0.5030367011079919 0.2876039778374471 0.27826871865896924
0 0.4059690439864216 0.7686710951437197 0.4980036465389256 0.46265780971256076
0 0.3473066949363613 0.8379285266556703 0.1447060696514182 0.1415008413827959
0 0.4918855325664609 0.871085670624891 0.2088371687014785 0.20421144154108042
0 0.3424664659672604 0.7063375458560002 0.2154966044771272 0.21220579796757127
0 0.11853988580039268 0.8993013180258309 0.22314533016686777 0.20139736394833818
0 0.11587523123240837 0.9354434065056332 0.18969102103089916 0.12911318698873372
0 0.09778697252598112 0.9527218347188784 0.14101450361804463 0.09455633056224322
0 0.44033623643233266 0.37664769734706827 0.1803912641334943 0.16750105172849494
0 0.6098929833801149 0.679691443981856 0.25786116689245625 0.157274257059629
0 0.6818996166900575 0.35081393771364977 0.3765646585247131 0.368223780416594
0 0.700007807554089 0.4233254352063674 0.22856981456303557 0.22350701082055266
0 0.6165435323393182 0.4482823196086766 0.16270579715018094 0.1872679824490227
0 0.49554720036342814 0.6967077962517116 0.1301389586155702 0.19100073620994634
0 0.8056768741532891 0.5868005649898231 0.2918200870642728 0.18010400329870535
0 0.6662016163513732 0.5757002774470931 0.124400213703953 0.11126777210332381
0 0.6461956535519315 0.6588393863808663 0.1320422953411587 0.1380121285298145
0 0.6579819233396351 0.7773309736070272 0.09200379353213642 0.08848348997087019
0 0.010151848711376053 0.41148306927947215 0.020303697422752107 0.16671613855894432
0 0.8455593249669434 0.39313313301565406 0.28595294662978255 0.3063027904457238