0 0.37637959197963733 0.15880095706569475 0.19600448535963508 0.19825958130638907
0 0.7358193213319546 0.02728538544604229 0.0939863573360908 0.02249455547083341
0 0.6185318239974547 0.033151566107500516 0.0816863520050907 0.03939111474138897
0 0.6530875426480008 0.15273802070465334 0.07560107869190791 0.1876467767854862
0 0.9337273732893202 0.34603930470833416 0.08859088001272682 0.09578658510611113
0 0.5202872032145509 0.8873467972057991 0.08693747334499946 0.08793771751493082
0 0.32504688120627856 0.9437565321038196 0.09008065467854491 0.08957295269729144
0 0.3873559772040514 0.9563805526210418 0.10423406134627208 0.08723889475791644
0 0.5201684772040513 0.9619688037131425 0.08061474801081765 0.07606239257371498
0 0.7037178685550961 0.8384768053739242 0.12011360001590851 0.11995143692972228
0 0.266929677275639 0.43132796086541686 0.15041926535645347 0.17376742116215294