0 0.8703125 0.03046875 0.259375 0.0609375
0 0.89140625 0.21875 0.1625 0.19296875
0 0.91015625 0.12578125 0.17890625 0.1765625
0 0.76484375 0.20703125 0.12734375 0.10078125
0 0.60546875 0.18359375 0.18984375 0.11953125
0 0.38671875 0.0796875 0.1 0.11953125
0 0.42734375 0.1921875 0.115625 0.1484375
0 0.6453125 0.4375 0.221875 0.1671875
0 0.6125 0.340625 0.09140625 0.090625
0 0.478125 0.39453125 0.090625 0.215625
0 0.80390625 0.353125 0.203125 0.11484375
0 0.11015625 0.0953125 0.21484375 0.16796875
0 0.05859375 0.30546875 0.1171875 0.1734375
0 0.096875 0.25 0.17578125 0.2125
0 0.07265625 0.58359375 0.140625 0.1421875
0 0.046875 0.4625 0.08046875 0.0875
0 0.0421875 0.4109375 0.084375 0.040625
0 0.19296875 0.534375 0.07734375 0.1125
0 0.23984375 0.65703125 0.10546875 0.07578125
0 0.059375 0.69375 0.0859375 0.0671875
0 0.05625 0.8296875 0.05546875 0.05625
0 0.07890625 0.7609375 0.065625 0.0546875
0 0.17421875 0.875 0.1390625 0.09453125
0 0.15703125 0.81953125 0.03515625 0.03203125
0 0.234375 0.82265625 0.1265625 0.04296875
0 0.25625 0.7515625 0.07421875 0.0609375
0 0.49140625 0.93515625 0.13359375 0.07734375
0 0.4625 0.83203125 0.0390625 0.03828125
0 0.55859375 0.646875 0.15078125 0.1265625
0 0.59765625 0.8828125 0.0875 0.11640625
0 0.621875 0.7515625 0.0875 0.0125
0 0.8375 0.45625 0.06328125 0.0703125