0 0.8495085566518188 0.10442529948114816 0.23968176002545327 0.18888173458010188
0 0.5630897986553187 0.08228473829253505 0.23007040268936266 0.1645694765850701
0 0.4864449353119101 0.15497176278761945 0.3641919587046347 0.2817873729473917
0 0.5342551793045922 0.20859621165615133 0.16439085868872638 0.16344539734428026
0 0.7120620059675471 0.23490366072107488 0.22363968403881634 0.287219240630226
0 0.8246165499681833 0.2295616548673424 0.24026356269890742 0.23888173458010192
0 0.8162762439529112 0.3421025614832007 0.2007647106938169 0.2011544756031114
0 0.7879143392743664 0.429761642767094 0.07113066000954493 0.07072156615858276
0 0.5914825925764132 0.6613575972929666 0.504728241406724 0.5435248245463979
0 0.765446803906777 0.6822190222555893 0.14226132001909003 0.14144313231716552
0 0.8429638239179129 0.599742344660688 0.2023272106938169 0.2011635659621911
0 0.5317825179424117 0.4210962116561513 0.22280334269572588 0.2153442406302261
0 0.5474053285725953 0.6897371273471959 0.3809260200509067 0.37719077653818794
0 0.6070070478994591 0.7370433985226306 0.12013178134945371 0.11944086729005096
0 0.4705241078930958 0.7847092597625573 0.17863517202418072 0.17915221057599667
0 0.6022479172501857 0.6089547599589491 0.1692419906906352 0.17753516842151917
0 0.8424076512174145 0.8489474591220686 0.2705874093729982 0.2937419514026146
0 0.85618834054746 0.873084395890352 0.23252378803308957 0.24508628278470396
0 0.8715678925445965 0.8940872422995557 0.183377216024817 0.18386698165323595
0 0.48316429929186555 0.3026371031466991 0.14856586401972632 0.14616699375348405
0 0.34360871391632203 0.6143654643866258 0.22772610534690846 0.10131810206654457
0 0.24877111795832013 0.30556315700864173 0.27453056938254317 0.36407263212077384
0 0.23777852661522964 0.37749724434265924 0.2023272106938169 0.2011635659621911
0 0.31963705394654796 0.3918637504909793 0.14858404535327185 0.14772949375348404
0 0.4537195105824584 0.6176308440715127 0.1406806386855445 0.139871541958086
0 0.14832403325909432 0.5459750544511179 0.26242836935072644 0.1296430899662962
0 0.2806552752625942 0.5194256691088901 0.09167951734563573 0.09115224082661796
0 0.30629052725177647 0.5989586330045367 0.1264545066836355 0.1257272287263694
0 0.30417294923618626 0.7138069281840764 0.08061474801081765 0.0801511083130606
0 0.9418944092934562 0.28825033275683126 0.11082950668363552 0.1256363251355732
0 0.10599464031668257 0.36421651522350634 0.21198928063336514 0.2403078791939076