0 0.9369004111018764 0.8957849784053167 0.12619917779624715 0.20843004318936664
0 0.5739055929639993 0.8494549892026584 0.24930756920082225 0.30109002159468334
0 0.674965368667162 0.9811089570459586 0.0886751808363588 0.03778208590808276
0 0.7470021947508854 0.9590680247508313 0.10075868676785796 0.08186395049833735
0 0.803043947716635 0.9726391714193439 0.09530718281352506 0.054721657161312366
0 0.8459543479069153 0.9113422362679977 0.09919618676785795 0.10142040252860873
0 0.7351667451314462 0.8122958621170191 0.2341680474519922 0.23941865514950217
0 0.8397441571847247 0.7971796067183483 0.16417919961943922 0.16636308451458143
0 0.7817512905690912 0.6360628315799207 0.2716335553606578 0.2792216347914366
0 0.6579105894667773 0.46527186535622167 0.2276633794672147 0.23276813695090492
0 0.7716202623944708 0.5021686929309728 0.15751270555093821 0.19398743676633484
0 0.4914446255500632 0.625251235345147 0.2667550543720747 0.2742337461424887
0 0.6109122085538687 0.6313486458933201 0.18046472729976806 0.2983139913621267
0 0.4549792490485979 0.4187614034514592 0.2569343853987139 0.2626954688445927
0 0.5473166462731288 0.33273187075489247 0.261812886387297 0.2676833574935407
0 0.6722609550566465 0.22463637337578612 0.24784854547482596 0.23094482109634615
0 0.8071161161213419 0.2067851441952771 0.36110723224268393 0.3332663895717986
0 0.4826970948668038 0.08547733651716624 0.23414418973360754 0.12409404379845021
0 0.40089651589169284 0.8730345866740498 0.27970072334543533 0.2539308266519004
0 0.21177566608197332 0.799014898209672 0.34783791110187645 0.39007759407530535
0 0.28507124463715466 0.7811148018180146 0.1235886917107738 0.1263598457733483
0 0.2890252796946763 0.553059652990034 0.3295627549800969 0.43877590992986415
0 0.329061394790254 0.31173254857881216 0.2211587114824372 0.22611761875230768
0 0.13405795950527089 0.21118542874677035 0.11376802273741302 0.11482156847545247