0 0.09465537448327135 0.2398857179217421 0.1893107489665427 0.3139785641565158
0 0.08227088275543896 0.5643547917958653 0.16454176551087793 0.23379041640826922
0 0.1806547630296786 0.4861518437707636 0.3107021753501129 0.31589961443337095
0 0.35326397125906495 0.3590317319582862 0.11857452564056317 0.10418445712440043
0 0.4107232526905964 0.4799764851974887 0.2223973465663967 0.22611761875230768
0 0.3224227320124319 0.5027712399778507 0.1635274607105858 0.16626295496493207
0 0.49529945988652546 0.4535258042912501 0.17751718610347994 0.16560162091177588
0 0.519599600704735 0.3164368144702829 0.08481595574818712 0.08176923658176474
0 0.16972349359436842 0.9549821869232182 0.08884848428423427 0.06800712523071298
0 0.35768156596794387 0.8829605852897737 0.1897646290313853 0.19442752775932134
0 0.7563483916467791 0.14775187538759618 0.42792821670644177 0.29550375077519236