0 0.07890625 0.03671875 0.15703125 0.0734375
0 0.18046875 0.0140625 0.0640625 0.028125
0 0.14140625 0.1 0.2828125 0.0703125
0 0.23984375 0.08203125 0.046875 0.0765625
0 0.2734375 0.03359375 0.071875 0.05
0 0.0984375 0.22890625 0.196875 0.221875
0 0.11640625 0.19921875 0.1046875 0.0875
0 0.47109375 0.22734375 0.12890625 0.07109375
0 0.021875 0.35703125 0.03984375 0.06484375
0 0.42109375 0.5109375 0.05078125 0.0546875
0 0.196875 0.71796875 0.07421875 0.06875
0 0.23515625 0.78671875 0.20859375 0.10390625
0 0.2828125 0.871875 0.1390625 0.11328125
0 0.43515625 0.88828125 0.16640625 0.0984375
0 0.36953125 0.9390625 0.11171875 0.04140625
0 0.04453125 0.7578125 0.08828125 0.17265625
0 0.0359375 0.9328125 0.071875 0.0375