0 0.36112349455770437 0.103339259383154 0.17991073320977707 0.1528621920901143
0 0.2546924452833438 0.09363611347398286 0.10979664065150567 0.10899222376899798
0 0.09520831787868209 0.10790569912747983 0.09669643992586621 0.0909306386197041
0 0.07547368203649989 0.204365435885928 0.13476192431676962 0.15438113342392407
0 0.22913934065935485 0.3120801108760928 0.1940476442797027 0.2006112772394082
0 0.1565401435619125 0.24857462177185607 0.11642858656782162 0.12036676634364492
0 0.1313293232361597 0.30099478142678215 0.0969692584375205 0.09874313861970414
0 0.07443199329176002 0.36810015395494283 0.1276389050794759 0.128944090849277
0 0.49932784428755195 0.2074590408099361 0.16332343393541643 0.16884782500983525
0 0.5652430209665742 0.21687796345431237 0.1891964531727101 0.19559599530842303
0 0.6262425191524758 0.255476287707843 0.16655756134007832 0.1721913462971587
0 0.6727058021847674 0.33094082743249836 0.20649308057737184 0.19992286238870208
0 0.5348784199707823 0.349930764074731 0.2241369375636136 0.2588279688253194
0 0.5602975383049513 0.5593550405578346 0.37833834264308946 0.38962949061684604
0 0.5217633171608919 0.5246411869712088 0.10192957694917482 0.10688342055068922
0 0.7616740437472469 0.4166819494564559 0.22310022721932726 0.2291404688253195
0 0.8732291026402544 0.4135573134346419 0.22844249164729752 0.24821825075630458
0 0.728566388667771 0.5390157713641981 0.33703873084752445 0.3228354745253027
0 0.9587399835882952 0.6429391748149378 0.037450414698122714 0.13510697351689646
0 0.9001834391232579 0.6236535792740837 0.15838296279135697 0.20591078243518837
0 0.8452280658949475 0.74673580019309 0.25967264427970277 0.20520022427320123
0 0.7680504962021668 0.6804330930198386 0.21663197241000381 0.2224534262506724
0 0.5157439517371298 0.6746958172930396 0.18434526206571747 0.19058071337743776
0 0.5808753892159253 0.7511929792937542 0.12931053248413757 0.13217835149293897
0 0.4509225051878415 0.8124961020740166 0.23285717313564333 0.24073353268728964
0 0.3539507906672041 0.7327700332683675 0.21350697241000383 0.22223490496334913
0 0.25315961698340667 0.7624189644627185 0.19243058057737183 0.19893951659574646
0 0.3453893009188231 0.5985424987394923 0.4058829892850448 0.41961192155909544
0 0.36282980517999236 0.389238554555691 0.11804565027015243 0.12203852698730663
0 0.23019835445435294 0.4156585789451076 0.18267363466105585 0.18734645273377612
0 0.36632188212916705 0.289238554555691 0.24741074645662095 0.25577937848024546
0 0.24177080463183817 0.19585417733595328 0.19818950725639412 0.18531405917039337
0 0.15705355345071184 0.12228527338101043 0.17426093393541647 0.16961264951546742
0 0.04378471633473603 0.1569876913338097 0.08756943266947206 0.1516496173323806
0 0.1327045840783419 0.5595885314267821 0.2654091681566838 0.29590163392812696
0 0.11232880817521722 0.4433843772197378 0.20950895317271012 0.19701638367602553
0 0.1311184366761873 0.8426524037028413 0.24107146641955404 0.2974205752619369
0 0.05325516969670524 0.6366534120007146 0.10651033939341048 0.1425695482746301
0 0.14715017524344193 0.8968646563007313 0.22664188947037928 0.19665575075630456
0 0.2773188248806222 0.8963351425549764 0.19322918874473985 0.17717377723940828
0 0.8134796243246187 0.22757589079026563 0.22780259618646853 0.1406242720436281
0 0.020324879766914418 0.3653846993795814 0.040649759533828836 0.11298060124083724