0 0.4374380325687791 0.15472334055547135 0.4094989348624418 0.3094466811109427
0 0.29724093028904963 0.05638128932580734 0.1648931394219007 0.11276257865161468
0 0.22303383568298996 0.0667238916869395 0.1476823286340201 0.133447783373879
0 0.2850826271748388 0.14358987695441244 0.20708248465266035 0.21829652380771333
0 0.19181695663405143 0.19957677742195065 0.21863529129135612 0.2058692466803503
0 0.16901622882986833 0.3355870002945876 0.17313261452679146 0.16187380698520054
0 0.270645893347371 0.5505256781840765 0.34929698590206015 0.40497943325224206
0 0.09387082841030546 0.5234415242986927 0.0974921518694554 0.0911522408266178
0 0.1672598616037845 0.5854870063447117 0.14287642946385706 0.13358518052176754
0 0.08169475020049266 0.6461477712736305 0.16338950040098532 0.16344539734428026
0 0.027314903519840568 0.635651153688992 0.054629807039681136 0.11619769262201593
0 0.16306222675527587 0.817654611730906 0.32612445351055175 0.3084407765381879
0 0.2723347574499552 0.765264889054661 0.277348363076899 0.259312409248137
0 0.5574066518462335 0.8471632870863122 0.5569892415011374 0.30154640280522926
0 0.3825241284010167 0.8981586814055303 0.21972419461070408 0.19962833703942984
0 0.3188760254965873 0.8930626361277947 0.2361779888018452 0.21065674063022613
0 0.5090498169884361 0.9700467960633026 0.3290255717855427 0.05501579468856051
0 0.4426383699021542 0.5995030127876195 0.3966922041584738 0.3708953247427898
0 0.6899375771609055 0.705829239078102 0.5109933477295593 0.47776346916020385
0 0.46273034003266744 0.35496267242853985 0.47256946515613585 0.44474189090137256
0 0.6808309898275304 0.25920422395279147 0.49910865436825524 0.46519983664664644
0 0.7576186327739162 0.24548209153742998 0.4819211543682549 0.4650998426967707
0 0.817652793142234 0.4528537091220685 0.3208867207552132 0.3392180778660478
0 0.8372269742564761 0.6995059953246179 0.2046678796736387 0.2276533430895542
0 0.708119814713351 0.682296290307766 0.44811299420043016 0.3899362162333375
0 0.6983304176177804 0.6878195824622437 0.2876938672260838 0.2515635417616943