0 0.13984375 0.121875 0.2796875 0.240625
0 0.14765625 0.1421875 0.23515625 0.1765625
0 0.35390625 0.01953125 0.30546875 0.0390625
0 0.5921875 0.16796875 0.13203125 0.1140625
0 0.60546875 0.0671875 0.10234375 0.07265625
0 0.4765625 0.3625 0.08828125 0.0703125
0 0.6328125 0.44375 0.1984375 0.17265625
0 0.83125 0.409375 0.22421875 0.2015625
0 0.81953125 0.18515625 0.28671875 0.178125
0 0.96484375 0.38984375 0.0703125 0.12109375
0 0.85234375 0.04453125 0.19765625 0.08828125
0 0.965625 0.121875 0.065625 0.24375
0 0.41796875 0.6109375 0.06796875 0.07734375
0 0.4 0.6859375 0.059375 0.06015625
0 0.0609375 0.40625 0.12109375 0.353125
0 0.03984375 0.7171875 0.071875 0.26640625
0 0.209375 0.821875 0.075 0.0875