0 0.10703125 0.12734375 0.2140625 0.1765625
0 0.1796875 0.51328125 0.29765625 0.1828125
0 0.0390625 0.4390625 0.06484375 0.10859375
0 0.08671875 0.365625 0.0640625 0.0828125
0 0.0640625 0.3171875 0.0671875 0.07421875
0 0.134375 0.2640625 0.05546875 0.09375
0 0.23203125 0.353125 0.19765625 0.1625
0 0.23984375 0.253125 0.1359375 0.10234375
0 0.390625 0.2828125 0.1859375 0.21328125
0 0.553125 0.371875 0.203125 0.14921875
0 0.5140625 0.271875 0.15390625 0.11328125
0 0.41640625 0.55078125 0.228125 0.19375
0 0.40390625 0.440625 0.24609375 0.0953125
0 0.60703125 0.553125 0.24140625 0.1546875
0 0.68125 0.4546875 0.22890625 0.15
0 0.7734375 0.32265625 0.1734375 0.196875
0 0.81875 0.184375 0.32578125 0.26015625
0 0.9328125 0.478125 0.10703125 0.19609375
0 0.17890625 0.67421875 0.209375 0.19765625
0 0.275 0.87421875 0.35 0.25078125
0 0.284375 0.76640625 0.1125 0.07734375
0 0.49375 0.72734375 0.34375 0.22109375
0 0.7125 0.65390625 0.1734375 0.1484375
0 0.815625 0.8203125 0.0890625 0.0765625