0 0.32421875 0.1765625 0.075 0.10546875
0 0.2359375 0.29921875 0.04609375 0.06875
0 0.30859375 0.2796875 0.06875 0.05546875
0 0.15 0.4609375 0.090625 0.0484375
0 0.259375 0.5375 0.10078125 0.05
0 0.27890625 0.4640625 0.0890625 0.07265625
0 0.440625 0.375 0.1296875 0.1328125
0 0.54921875 0.58125 0.06953125 0.08515625
0 0.37890625 0.5890625 0.05859375 0.06953125
0 0.3859375 0.8015625 0.19453125 0.078125
0 0.44609375 0.73125 0.08828125 0.03125
0 0.7328125 0.69921875 0.15 0.14765625
0 0.6796875 0.49765625 0.09609375 0.0609375
0 0.63671875 0.24375 0.08828125 0.1140625
0 0.796875 0.2375 0.28203125 0.265625
0 0.740625 0.28046875 0.06015625 0.06015625
0 0.8515625 0.4265625 0.15625 0.084375
0 0.86953125 0.53046875 0.14453125 0.0828125
0 0.94609375 0.6421875 0.09453125 0.08515625
0 0.596875 0.70390625 0.0859375 0.0921875
0 0.5625 0.88671875 0.11640625 0.1328125
0 0.7015625 0.83515625 0.1046875 0.03828125
0 0.76328125 0.9421875 0.1546875 0.0953125
0 0.86015625 0.8171875 0.09296875 0.140625