0 0.5351793574156325 0.6308478172017798 0.05218066534054522 0.05552656203449331
0 0.1169224427911761 0.9221361732831983 0.08533861067790856 0.08674232878371627
0 0.83360776674886 0.6439665171589986 0.049001121339908596 0.05069351282028158
0 0.9025663047421784 0.5979862371752093 0.0648079346753633 0.06704625889134022
0 0.2628732646801358 0.11140849669023112 0.17383858402290803 0.17675520678164433
0 0.18380338267822674 0.09367087903138532 0.11540791868236289 0.12093754631872759
0 0.5161522586728179 0.06932812034493294 0.10105451734563572 0.09528257485477487
0 0.3668795120146357 0.12484175806277062 0.23842834269572588 0.22505146567298445
0 0.891416982694135 0.24375250144323285 0.20783396538827006 0.4141481989237614
0 0.911164766669318 0.061958845942714856 0.08482953333863605 0.0429923287837163
0 0.6772363040260897 0.22362613026973038 0.4075976080521794 0.4031508486333112
0 0.6450414220241807 0.20807175082406032 0.2623567387014528 0.26833058477957233
0 0.6780475627386785 0.5617618310555187 0.05059998400699968 0.05389128742738745
0 0.6613140487348605 0.5328726976809072 0.041097714672181596 0.042517139784752266
0 0.6588088561027681 0.7873054865560366 0.088518154678545 0.09157537799792799
0 0.7166208087603139 0.7228470343225063 0.1359385946849084 0.1406336162111037
0 0.44543669943504083 0.769559252686087 0.08691929201145392 0.0883776033908223
0 0.36891110944458577 0.8362694096343471 0.11023061736154424 0.21283394789030438
0 0.19016794410404064 0.7748481044242794 0.10303518801718106 0.13129284946188094
0 0.10186851277049522 0.7691738391227985 0.15201812802354436 0.18042386228216234
0 0.11684117413267572 0.9786173056243526 0.10208975867281792 0.042765388751294965
0 0.012476012054406588 0.4011451230355293 0.01611589600572701 0.042915246071058635
0 0.5503247414464948 0.8587737640586267 0.16437267735518085 0.16850605913900907
0 0.8434020321053133 0.8146428901945277 0.08221361067790837 0.08659677956950489
0 0.9758112587125888 0.7702658056198433 0.0483774825748224 0.0994948858558109