0 0.23359375 0.3484375 0.1796875 0.171875
0 0.1875 0.57421875 0.2828125 0.271875
0 0.3671875 0.525 0.221875 0.290625
0 0.3109375 0.78125 0.42109375 0.3203125
0 0.5875 0.91640625 0.440625 0.1671875
0 0.74296875 0.81015625 0.24765625 0.24765625
0 0.7125 0.6109375 0.378125 0.2828125
0 0.7890625 0.453125 0.3671875 0.3890625
0 0.5234375 0.25859375 0.13046875 0.12578125
0 0.60703125 0.15234375 0.328125 0.190625
0 0.90390625 0.06796875 0.1921875 0.1296875
0 0.89921875 0.225 0.2015625 0.203125
0 0.303125 0.225 0.19375 0.1625