0 0.8457335820922687 0.0824451713034703 0.20853283581546264 0.1648903426069406
0 0.8480376673420835 0.028992622682951285 0.16954966531583296 0.05798524536590257
0 0.7460363784636114 0.07343035843588579 0.18173659849212917 0.14686071687177157
0 0.5667200253533335 0.09869537030810209 0.23788814514629592 0.19739074061620418
0 0.31507890438259273 0.05358646681397109 0.1200964694628702 0.10717293362794218
0 0.3699236463240744 0.13614670341564591 0.19697061922731454 0.18918640999505118
0 0.6353265965123619 0.3469835476044662 0.31745806795499937 0.26860167231952303
0 0.5901008623465746 0.25058990445644264 0.13267438190398123 0.12982469810012062
0 0.4460002563615748 0.34213003053029595 0.172418970028518 0.26411116689245623
0 0.8030205273795838 0.21687888851392617 0.2725174233743516 0.1993669934412793
0 0.06530307978319451 0.14643790875185578 0.13060615956638902 0.18524918249628844
0 0.04021631394898173 0.34261022388071816 0.08043262789796346 0.17727955223856365
0 0.07027425230907422 0.2748937793986422 0.14054850461814844 0.27833744120271564
0 0.059768813383333876 0.6430296257351691 0.11953762676666775 0.17874687697836436
0 0.017639393449352305 0.5175250146993211 0.03527878689870461 0.09932497060135788
0 0.008205604853704123 0.46419197478522933 0.016411209707408246 0.05911605042954129
0 0.14429361899097332 0.5640237991863459 0.12337729434509229 0.14800148801421234
0 0.20757628605023282 0.6851341593176826 0.14210817049962943 0.11321040818602893
0 0.03260178343509329 0.7690565372005583 0.06520356687018658 0.0953744549975255
0 0.031235481597130476 0.918114834916566 0.06247096319426095 0.08213747060135787
0 0.04051238251611188 0.838594431253093 0.08102476503222376 0.08057497060135788
0 0.15619227742606662 0.9257934588427128 0.19361188190398124 0.13301829715018093
0 0.13125035749208505 0.8819958712126134 0.04771433006601842 0.04760534034363317
0 0.21743186526777944 0.8658142712580418 0.15894435598499984 0.09231805404758582
0 0.23554616969764042 0.7832098111721335 0.10255765494824062 0.08780761646291495
0 0.5089755248341685 0.9111932117833887 0.13980337672018486 0.12242163387576924
0 0.4710838370397239 0.8198588828597166 0.059335335249814845 0.05599105042954129
0 0.5607395337411586 0.5950802108788777 0.1989432223375923 0.19395579715018094
0 0.6263673678596776 0.8404945301916117 0.1413850005656478 0.15827724672063964
0 0.6400668658334274 0.6927973366140467 0.10382762902925932 0.048990777928304044
0 0.8499748568799544 0.3201809509292551 0.10066296427907381 0.10170634215265535