0 0.36171875 0.16171875 0.11484375 0.046875
0 0.34765625 0.084375 0.10078125 0.06484375
0 0.46640625 0.35625 0.0296875 0.03125
0 0.56171875 0.1453125 0.1765625 0.103125
0 0.621875 0.38984375 0.21484375 0.084375
0 0.58828125 0.309375 0.10859375 0.06640625
0 0.80234375 0.31796875 0.240625 0.11875
0 0.540625 0.60625 0.12109375 0.1390625
0 0.44296875 0.828125 0.08671875 0.0703125
0 0.13828125 0.52734375 0.14921875 0.08515625
0 0.13125 0.65546875 0.11796875 0.07265625
0 0.18515625 0.7515625 0.1171875 0.078125
0 0.07421875 0.859375 0.1484375 0.12890625