0 0.8426201395048911 0.030521729511936335 0.11788472099021767 0.06104345902387267
0 0.8912172632247668 0.06510372424737905 0.04306673151356151 0.06897725897699045
0 0.7989009606080483 0.08394216618202391 0.2459480787839034 0.16788433236404782
0 0.837584758033682 0.14117132055838702 0.0858912683452644 0.08016019867214012
0 0.891870439631948 0.16116111281106058 0.07780575256024883 0.07542724687674203
0 0.6637447106080483 0.084392138956465 0.2850105787839034 0.16878427791293
0 0.6974140553181416 0.05595352156821818 0.13017188936371688 0.11190704313643636
0 0.7355316214419755 0.4049570854873058 0.14367294724210708 0.13360336123992678
0 0.5226639552757893 0.011867699163119444 0.07654708944842134 0.023735398326238888
0 0.44372355304024147 0.42696039227611465 0.07422572625188942 0.06759656615858275
0 0.1957851239316371 0.2589290515242516 0.10251732622365464 0.09743860226293624
0 0.13400618977312242 0.31395743998973724 0.18102029977412104 0.23847266842151918
0 0.07113300540284619 0.38078184650739966 0.14226601080569237 0.17591812626704142
0 0.08227599626550762 0.5353466266598248 0.16455199253101524 0.17759880093507635
0 0.029492265996777057 0.4833483103048503 0.058984531993554114 0.09580337939029934
0 0.13215380538872876 0.1312176628623742 0.16765647881213827 0.143114716626121