0 0.6853171091772812 0.7746515241987179 0.39402840570540576 0.3947348043862702
0 0.8357085217116218 0.4142894770485369 0.3285829565767564 0.4833945126631562
0 0.30927049358534997 0.9063507400503774 0.11944782092583343 0.12160276232447202
0 0.21881235173368313 0.6792769849619946 0.1684332845319033 0.16937187697836437
0 0.4244266509478948 0.6716338240624322 0.31560799917143034 0.31736672094004204
0 0.615216355043452 0.39614474389556453 0.4467210661683225 0.4551676933504223
0 0.2965455918088857 0.5154391350074231 0.5612159057054058 0.40349672998515373
0 0.41533401736839554 0.27604019957045867 0.6119180347367911 0.5520803991409173
0 0.34406683126491566 0.12282666836279421 0.5818836625298314 0.24565333672558842
0 0.10145345388616019 0.27818587573516906 0.18762424028009034 0.2467532485296619
0 0.4259956131062227 0.7725788483726918 0.27963195781510175 0.28119020352718743