0 0.8449280852240524 0.4751803872871353 0.2291455779204515 0.23880901170746505
0 0.7909676935866086 0.15849233615566713 0.2635205779204517 0.23900899960721653
0 0.8990744740254177 0.3114724112912404 0.20185105194916453 0.28869083703942994
0 0.6073057597392326 0.15351796896381206 0.2973149253226639 0.2954498971478885
0 0.42514209618439625 0.1001197373105764 0.22840919236879245 0.19662151170746495
0 0.10198088027335812 0.3825857619038567 0.19523422808260746 0.26517152380771336
0 0.17727911485208264 0.26584823467829777 0.26072286038785575 0.25774081888905725
0 0.3131563392845374 0.17367943627730412 0.27503082223840886 0.27188513212077386
0 0.34983595332584116 0.3059106741770557 0.21618192775829587 0.212173788834828
0 0.5073990373353727 0.33729300526455724 0.28317060470581285 0.290680583916172
0 0.7225155227248762 0.3541679296380047 0.2511842191541538 0.2483112767345796
0 0.9363853336024945 0.5116769443705318 0.12722933279501092 0.19453177088084708
0 0.5717105478853843 0.6204509389095827 0.16851599512873605 0.16658857806243949
0 0.45069861850223536 0.6244339360809124 0.22890011606989855 0.22474651170746504
0 0.7626861497518235 0.6863991675377563 0.17805463636243815 0.17601812021691715
0 0.40614759780265874 0.8468083849494441 0.22115007142762994 0.1387726502711466
0 0.6325640474783472 0.7950060321955286 0.27823764285525987 0.27659081283893305
0 0.2605082207757115 0.5139635478118185 0.26708195454365713 0.2640271803253757
0 0.30866685145610673 0.7220351230455876 0.21461942775829587 0.2121646984757483
0 0.1562628258885615 0.6281891533944044 0.2962706225627204 0.3251283067888089