0 0.165625 0.546875 0.25703125 0.21640625
0 0.396875 0.846875 0.26875 0.30625
0 0.628125 0.93046875 0.07109375 0.09765625
0 0.83046875 0.90703125 0.31875 0.1859375
0 0.89453125 0.8296875 0.14296875 0.1359375
0 0.95234375 0.471875 0.09453125 0.3140625
0 0.80625 0.28203125 0.253125 0.24609375
0 0.69140625 0.5015625 0.3828125 0.27265625
0 0.75546875 0.471875 0.28203125 0.2921875
0 0.4328125 0.321875 0.25703125 0.16953125
0 0.42578125 0.0390625 0.5 0.07265625
0 0.6296875 0.175 0.28671875 0.29296875
0 0.36484375 0.17890625 0.31640625 0.23046875
0 0.27734375 0.4046875 0.36328125 0.2015625
0 0.5125 0.79375 0.36484375 0.29375
0 0.75625 0.68984375 0.4875 0.3015625
0 0.18359375 0.140625 0.18359375 0.19296875