0 0.18499154590444283 0.2638392653217022 0.09811647642635143 0.09429542154477702
0 0.18651562034493294 0.5146796026557198 0.14273977171162175 0.1132999515990063
0 0.2919971788647696 0.43044952752014654 0.1036088052100677 0.17867951190385672
0 0.549372328125 0.5708634234375001 0.6052575874999999 0.5235794546875 0.6101237546875 0.4906192390625 0.610073621875 0.460746265625 0.5896443359375 0.45005109687499995 0.5609949484375 0.44770988437500003 0.489446040625 0.5208377937499999 0.472981934375 0.5578515687500001 0.45500782968750003 0.5711034875000001 0.44911185781249996 0.6110389234375 0.4534537046875 0.6118502875 0.549372328125 0.5708634234375001
0 0.5663293988809801 0.4984036002198328 0.1161772717116218 0.11314541549465282
0 0.4749445736119206 0.5497302717646099 0.14397694003242129 0.13986245159900648
0 0.7963486927185085 0.5713042481532883 0.1219221575674327 0.16941359621281205
0 0.9033521716260594 0.7043116699926528 0.1386687018192454 0.09296927088084708
0 0.820627434375 0.8745306796874999 0.8114219500000001 0.8078343125 0.765549165625 0.75780064375 0.7199056640625 0.7284945984375 0.7059261078125 0.7295000671875 0.7216626374999999 0.8435157578125001 0.72709409375 0.8518154828125001 0.78226341875 0.84784746875 0.7919386703125 0.8558419640625001 0.797876984375 0.8988667515625 0.8131126390625001 0.9252109656249999 0.8131442453125001 0.9252168703124999 0.820627434375 0.8745306796874999
0 0.7609891972666224 0.802041163746137 0.09648120181924576 0.09272383118569749
0 0.311670134375 0.7486594453125 0.311796090625 0.773147646875 0.34362974999999996 0.779096425 0.343802659375 0.7790696609375 0.358248140625 0.763960090625 0.35902232500000003 0.7587162828125 0.3276365046875 0.744443890625 0.311670134375 0.7486594453125
0 0.14765534375 0.6921102421875001 0.1219923125 0.7026911328125001 0.12007745781250001 0.7156610984375 0.12287908437499999 0.7189099109375 0.155652440625 0.7250342890625 0.20262840468749999 0.69771993125 0.2029045015625 0.695849828125 0.177839803125 0.6911659703125 0.14765534375 0.6921102421875001