0 0.8203858543086616 0.9414615605912605 0.1319318384737585 0.045175566996891806
0 0.5436984435931991 0.7826132152632088 0.08425799756436803 0.0866695541766104
0 0.6001569492752419 0.8127694421038452 0.06677048863591431 0.0686815334984459
0 0.5458728238698525 0.8816500287454442 0.10174550649282174 0.10465757485477489
0 0.6648001018730297 0.8659629086053992 0.06687958279171564 0.0749315334984459
0 0.734335306012945 0.9072193012856354 0.137955741882325 0.12195639081820957
0 0.8246132528459643 0.6992740605912605 0.12397506249917604 0.125988919354257
0 0.8275720263816193 0.21671627171613092 0.34229223457542945 0.37970904052775933
0 0.8991452431034365 0.3648219778786027 0.19232741639421036 0.28529545285270286
0 0.7997668060096498 0.4233130281262717 0.22097852191409723 0.2273031703877141
0 0.7233266314944695 0.1106259380702052 0.15387284253094827 0.2212518761404104
0 0.4832901923720877 0.2631954352794196 0.14184440097293455 0.1658519400324213
0 0.36426132305248304 0.07179360918179041 0.19022735389503395 0.14358721836358082
0 0.29957726014626973 0.018142070306660908 0.07897047970746059 0.036284140613321816
0 0.019141917615321455 0.5325021308934121 0.03828383523064291 0.08499573821317571
0 0.006172538963521125 0.765824053143153 0.01234507792704225 0.08397689371369381
0 0.1468507171321494 0.7995354654680966 0.24416265178371357 0.3033220148871962