0 0.29354663875129494 0.05405572004396657 0.16290672249741006 0.10811144008793314
0 0.3163954797361203 0.1660825004909793 0.23711481803034928 0.22788060206654456
0 0.9556141834173928 0.27639522737063704 0.06766699710451576 0.11130111436318471
0 0.9494070328792734 0.17489635988419433 0.09274407981717374 0.18017837939029935
0 0.6676497646823083 0.15388546487760513 0.20782111621110388 0.1355476563212707
0 0.6398564427230176 0.36492750400702073 0.33032547063538314 0.31746125253408275
0 0.7379729191493691 0.2706320824622437 0.2910788800648426 0.279743083916172
0 0.7405841887940763 0.3487207210259252 0.15033394789030421 0.10865790339440444
0 0.8571873378844534 0.3941236037358743 0.24863451488719618 0.24044423458010195
0 0.7318404656774936 0.704144019230527 0.14880998924663302 0.1430147226762452
0 0.7286469991759397 0.6385553806668456 0.0588698858558109 0.05657725292686635
0 0.6379749574053261 0.5227081877502421 0.16516273531769166 0.15873062626704132
0 0.5579129299027361 0.4138286123200812 0.1699957845319034 0.16188289734428024
0 0.8051453407799375 0.5053338145082628 0.06413958271265799 0.06910452400410509
0 0.8121508579434454 0.6232298416356258 0.11937504631872783 0.11472609621281223
0 0.80628842555951 0.24602244702182013 0.09640842721213971 0.0911613311856975
0 0.5178808970234626 0.2336416634515494 0.26647698635114897 0.25460672852997773
0 0.21212524090377208 0.4595784913175972 0.31593333085063086 0.2767635296614458
0 0.19465645150965932 0.287140409935508 0.38931290301931865 0.45540668012898405
0 0.10374766067231371 0.4891074309145509 0.06221320967712844 0.06128293364502539
0 0.3858773023190928 0.6530461693052819 0.31898124813797313 0.20804989109776423
0 0.3199677818458162 0.27384500351604146 0.0604323858558109 0.056586343285945875
0 0.37766465777682956 0.3766063891528567 0.06541098428423435 0.06286361436318462