0 0.29874976639624684 0.23200484478454944 0.12606743776222676 0.1253820482746301
0 0.1302831863123343 0.20608647301269337 0.11430114357108563 0.11367972376899793
0 0.1045182047831736 0.4568566513570528 0.1507840178461394 0.1644116972858944
0 0.2640484153659172 0.5203132279563719 0.1511625261445091 0.1488959579295562
0 0.4369745846573047 0.37706098264794885 0.14619160622842173 0.1858496547112475
0 0.6410216219999686 0.29210755639727637 0.1243865385920639 0.12371028763096845
0 0.7484323029137182 0.32072459327194014 0.09088695435896632 0.09183757475773371
0 0.7241883968950779 0.2391685906740501 0.15684384108157481 0.12131726114786483
0 0.885778937561734 0.3401797975952001 0.149600026144509 0.1487866972858944
0 0.8343366819626568 0.449019202054346 0.12294243776222694 0.12516352698730665
0 0.5856255722097501 0.39022798214374577 0.06543666846619497 0.06363616510280767
0 0.7015959595570583 0.500712378052917 0.13906434523075967 0.11230289406758587
0 0.9123218172353728 0.5660867337332297 0.1612479211654872 0.15892652179152655
0 0.7585833558274364 0.6930748406740501 0.2033887995897258 0.20228303788306992
0 0.7777272099812657 0.8731611784212341 0.1804715178461395 0.16648764951546724
0 0.9256892680698539 0.7528601140550606 0.13975142946385688 0.14188113342392406
0 0.48054271143115823 0.7965540278204859 0.20518809793005205 0.20551729852673156
0 0.4369218433798817 0.7391292939120293 0.12033765601864026 0.09078852698730663
0 0.5490881114265138 0.6024819637064139 0.1275115385920637 0.1239288089182919
0 0.3810718172353726 0.6032353525782196 0.10504454274124866 0.11458665990702759
0 0.22221888072254567 0.6834577201627017 0.09578794191141168 0.11549359604505724
0 0.3104311209742834 0.7903854273359532 0.11082094606059663 0.10877370248167448