0 0.19411605041774188 0.25519322233759223 0.1300933596955513 0.13593608294074047
0 0.2427790434976597 0.22675515551388842 0.1702090237259962 0.12699030989648116
0 0.18886215912471002 0.3746171655986571 0.07556768577927472 0.0969132476909258
0 0.2947765780980708 0.39478198557990685 0.09951452174882984 0.11146376324231459
0 0.30682293334499783 0.49937174076370316 0.07148768083635879 0.07320234561740727
0 0.41984822087397744 0.2928469216309251 0.05691584486680377 0.05947203628657398
0 0.42235250247145795 0.04862802992499919 0.04783000494291585 0.027538531102777687
0 0.5354056007983028 0.12935920301652676 0.05366351087441483 0.056073634213055445
0 0.4849028765014653 0.24638131621157316 0.16749520060802237 0.1750177067862034
0 0.557784619581383 0.22006211545763782 0.060168178859192525 0.06287043836009251
0 0.5702872781746204 0.18301117478847112 0.06504667984777565 0.06796804147037024
0 0.5905480400376186 0.24083323671120258 0.060168178859192525 0.06287043836009243
0 0.6263754520908971 0.2221707110750451 0.09106535178688588 0.0951552580585183
0 0.6810284599995625 0.2643185463248598 0.08456068380210838 0.08835845391148131
0 0.6869137040680634 0.23680870099027648 0.08073534684397003 0.07089755183796279
0 0.6745436966536896 0.20069554373296167 0.06979784684397003 0.06994064458064794
0 0.7359905326232448 0.21852688416657268 0.08468801779449713 0.09148345391148131
0 0.6322991413302128 0.32933866211180435 0.08050985376405215 0.10357335080120356
0 0.6708324007217531 0.37708238647564685 0.05366351087441501 0.056073634213055445
0 0.6957077253226017 0.3380000541005542 0.06185801285158128 0.06613213939685174
0 0.7528981428130876 0.3468958919422671 0.07805601581733086 0.08156164976444433
0 0.7088563241437381 0.41232611083948945 0.09243685079830274 0.09060445909527762
0 0.49953040368750257 0.3761077724321287 0.10888952174882985 0.1122839694628702
0 0.5887839046760858 0.38858723152740626 0.11851918973360753 0.11935417568342573
0 0.5856363414439436 0.48328457686198967 0.0763661818249421 0.07829994872768502
0 0.6736483360067362 0.46529528595726727 0.1076798488211363 0.0825964694628702
0 0.6719385973754427 0.5188597833653692 0.12531301779449713 0.09503768086722211
0 0.5368141808735398 0.5078163936856935 0.08449701680591382 0.0867959539114814
0 0.42925634885831754 0.5046340221493048 0.07474001482874755 0.0766007476909257
0 0.33143295558811925 0.6066176042415735 0.07324118182494202 0.07802654665416639
0 0.793588104295525 0.5621982631958319 0.09757001977166357 0.10195206220555537
0 0.8748964541052444 0.6471583150337946 0.1950763725471326 0.20234162441111075
0 0.6311345252460521 0.5682255048544895 0.06829901384016442 0.07136644354388881
0 0.7054951966908707 0.5973067035821746 0.07155134783255317 0.07476484561740726
0 0.6743207925462575 0.6537426312918505 0.09626218775644091 0.10806536116879606
0 0.7757214664625341 0.696866497644443 0.13710736364988402 0.15523288708777763
0 0.7912920697322948 0.7924230054201373 0.15285969764227278 0.15972489745537005
0 0.8371483977931845 0.7715240365229151 0.06354784684397004 0.06939384043361088
0 0.9502247762160447 0.7807219622063408 0.09955044756791054 0.12097546427907382
0 0.8921078118236295 0.7638769233278687 0.08293451680591417 0.08665925287472191
0 0.8728259126219321 0.8447072582948595 0.11226918973360753 0.11880737153638883
0 0.9397203342767156 0.9366553559617585 0.12055933144656876 0.12668928807648286
0 0.9408729170705564 0.8716791528755075 0.05474584980971962 0.08263613421305535
0 0.492133033649009 0.5957661615461565 0.15285969764227297 0.15972489745537005
0 0.4051834733826164 0.6971441508957399 0.1105793557412186 0.11554567049962934
0 0.4001829555881192 0.6126324498589808 0.061667011862998146 0.06144463939685174
0 0.4956811393902276 0.7019478110277768 0.0925641847906915 0.0937294590952776
0 0.5252532342570313 0.7590275791710639 0.06992518083635879 0.07306564458064813
0 0.6744573968046014 0.7526196286999525 0.06504667984777565 0.06796804147037036
0 0.5265875825838762 0.8299846281343047 0.058605678859192524 0.06273373732333312
0 0.5647852609487771 0.8885975019797675 0.09119268577927464 0.0982802580585183
0 0.6638647480971958 0.8365455693691193 0.21580536661563343 0.1761304389257404
0 0.660575263420235 0.9086550152220821 0.09925985376405215 0.10521376324231468
0 0.7845592500743621 0.8564465491995819 0.12684102570316255 0.13253768086722212
0 0.8189435203403171 0.9248935773094669 0.20320720752810467 0.15021284538106627
0 0.944655786157648 0.9993798856271752 0.09218218281352505 0.001240228745649574
0 0.9529166137242461 0.9851854655517815 0.08143568380210837 0.029629068896436905
0 0.8757784521652592 0.992769009189814 0.11431185079830257 0.014461981620371845
0 0.7937326147128292 0.9683165218664808 0.17840352570316256 0.06336695626703844
0 0.6755091967280518 0.9603092407637032 0.1300933596955513 0.07938151847259363
0 0.3228378414811247 0.8541959418004623 0.06342051285158128 0.06626884043361088
0 0.6017865593521715 0.7268001310090266 0.06185801285158128 0.06613213939685174
0 0.24669981132933785 0.705075645146296 0.16749520060802237 0.17501770678620332