0 0.1984375 0.1015625 0.14375 0.09375
0 0.25390625 0.225 0.21171875 0.128125
0 0.915625 0.18671875 0.08984375 0.08203125
0 0.91328125 0.08828125 0.17265625 0.11953125
0 0.5859375 0.1375 0.1765625 0.08359375
0 0.6140625 0.34296875 0.3453125 0.1703125
0 0.6828125 0.2328125 0.2484375 0.184375
0 0.70625 0.30625 0.12265625 0.06875
0 0.83046875 0.3234375 0.18828125 0.190625
0 0.79140625 0.6421875 0.13203125 0.0828125
0 0.771875 0.58125 0.05234375 0.0328125
0 0.65390625 0.490625 0.11015625 0.13828125
0 0.55 0.40546875 0.15703125 0.1
0 0.809375 0.4390625 0.04375 0.05703125
0 0.84765625 0.5484375 0.07109375 0.109375
0 0.7421875 0.1953125 0.0625 0.078125
0 0.4640625 0.2453125 0.25078125 0.15078125
0 0.23125 0.5234375 0.23828125 0.19921875
0 0.115625 0.3671875 0.2265625 0.4875
0 0.13671875 0.57421875 0.05234375 0.0390625
0 0.44921875 0.66875 0.27734375 0.14140625
0 0.2859375 0.325 0.04765625 0.03984375
0 0.36796875 0.409375 0.065625 0.03359375