0 0.6506748465393155 0.8310529512972462 0.36744113047250015 0.3378940974055077
0 0.8384383436138801 0.5253924756436802 0.32312331277223977 0.3841251785690748
0 0.2650866023994117 0.8973773806803951 0.1202309592838688 0.07389324188232535
0 0.20064816085271486 0.6590182642034594 0.16117493676633482 0.15264553327818292
0 0.4040129927464027 0.6906615507280534 0.31129365514950214 0.23018197240056448
0 0.6217059307493551 0.458787808031654 0.3945438510151359 0.38458882873123057
0 0.28806091841085407 0.5130529736183806 0.4903755875969004 0.46742069399035024
0 0.43962820866555996 0.2722212422860669 0.5087646421926924 0.48647070291880407
0 0.3871063810908088 0.15893030965650712 0.4148377621816176 0.31158770535443603
0 0.1101514597452941 0.24540004910649554 0.20268011875230765 0.21580009821299112
0 0.3955274691491345 0.7896212021080251 0.27651813695090494 0.22333195454365723