0 0.22430392307047367 0.6409665728539234 0.1239218893637168 0.1183525693385418
0 0.33306573109003834 0.507007187310972 0.14707096302712275 0.14073671561506948
0 0.4159321680205633 0.41198366840927053 0.18353908404557515 0.17747430262104177
0 0.19083491553090176 0.26780182978777767 0.20181864718563744 0.19662434612402793
0 0.0727359048663837 0.4160601046734027 0.1048834630271227 0.13975479065319457
0 0.826774288615493 0.884323608570034 0.14992294724210709 0.13612195079743045
0 0.7339651623353685 0.8489329288585064 0.17718266823232476 0.202292464665139
0 0.6003182044287433 0.8645605417000344 0.08772678413027997 0.0863024823325695
0 0.5777929441171611 0.6389974972471176 0.19006209983059072 0.18230727298576407
0 0.45109393622465327 0.6395995221327426 0.1817945735222315 0.17431293502986128
0 0.5341732047816791 0.49450326804868017 0.2336146787556686 0.20672669794763898
0 0.581535510240995 0.28687129958381896 0.12079688936371688 0.11827983415618064
0 0.774056939208425 0.26126796827742993 0.27117486291418336 0.26221428495361127
0 0.6765911340314579 0.17278865615708278 0.26666937343752706 0.26523018218006966
0 0.5316888867328808 0.10527390088401023 0.22322321032569975 0.21054780176802046
0 0.893052465022674 0.7865569493757285 0.14229245776545058 0.13906511284152784
0 0.9323244655167844 0.6327948633196867 0.13535106896643115 0.16446515634451409
0 0.9137124314570915 0.33521134850204787 0.17257513708581698 0.20425500816812514
0 0.9119293945548016 0.17044033368440897 0.13144596302712303 0.140373039703264
0 0.3525466892790122 0.1967593651226386 0.11096686305535756 0.11024912860909727
0 0.2534882920227876 0.08093630300229146 0.11739887357870131 0.11351959897381954
0 0.7812826941877482 0.5599418576201035 0.36037314178279123 0.3469906348773614