0 0.7003151872834608 0.510672805361759 0.47951652588483623 0.4821625693983032
0 0.5659618450630292 0.3805173311184954 0.15212248407381015 0.1529619185677376
0 0.6912866107068704 0.23485198256736983 0.10829688936371688 0.12213342072720587
0 0.7433888950489116 0.3769882202288687 0.15377598933548206 0.15462454811738677
0 0.5588234502258789 0.2741974799464762 0.09883088410204496 0.11997014342930994
0 0.4795223580760345 0.22206567858988685 0.17031104195220054 0.17125084361388013
0 0.37546491865584786 0.2718573226375056 0.21817168927901226 0.21790460055371036
0 0.3097272556146077 0.3907587145256561 0.24802578925077742 0.2493944324473981
0 0.12523188729757825 0.4887189458656335 0.16316639988706055 0.12876295496493206
0 0.05333928967430037 0.4971741910852715 0.10667857934860074 0.15059838217054294
0 0.08825334499244196 0.6450900593761538 0.17650668998488392 0.21457934145441176
0 0.1263228569017908 0.8243059924418608 0.2526457138035816 0.29039896668512455
0 0.05170962926389615 0.7475246445090441 0.1034192585277923 0.16379928901808824
0 0.27999862712717044 0.8623078377537838 0.2976309471009328 0.2753843244924322
0 0.40091588480791673 0.6561612739018099 0.042900131541796324 0.04166586829088246
0 0.3465091058687215 0.6613005544389083 0.0644867052052021 0.0648425524363235
0 0.5435983955430219 0.8856554140919173 0.15873650512049747 0.15961243676633502
0 0.6657996192346627 0.8831622115956079 0.25389635765251145 0.23367557680878406
0 0.8251731611868631 0.750003020505724 0.262527905007558 0.28457046884459275
0 0.5515837427427768 0.7081614697674434 0.2993754576242765 0.3024984484865271
0 0.7582832508470461 0.9126535009228507 0.25805323663405877 0.1746929981542987
0 0.9215656449077374 0.23941477636582004 0.1470401419239657 0.19933627081949093
0 0.2699620164203001 0.683056836055741 0.09426521046687401 0.06830751387966068
0 0.26676142171020684 0.7110817065060916 0.05759966837349921 0.053504534237726276
0 0.40593804279924645 0.7584246807493551 0.0777147472985769 0.07814358883351816
0 0.27202431633559543 0.5937940769564423 0.1670950366905286 0.16948808451458142
0 0.11783734527479064 0.5752875015411595 0.2133021787556685 0.2144792119047624
0 0.4149006030261241 0.4429801534514592 0.22156970506402782 0.22279235965300898
0 0.47760427132903605 0.32231600246401015 0.15081758930724706 0.1840116594684389