0 0.836445339855764 0.038657756496117045 0.1521093202884721 0.07731551299223409
0 0.5769229098598958 0.14832090300482487 0.24615418028020847 0.29664180600964973
0 0.6890982143807985 0.026494721593080982 0.11242857123840296 0.052989443186161965
0 0.6484160501524998 0.15736329748823308 0.2749688580918752 0.2718785486994585
0 0.8714502405976038 0.33855124757095856 0.22540396276527802 0.22259556899199798
0 0.7938369997156596 0.18371947159637628 0.16504834422416687 0.2465319009729347
0 0.8826799877478123 0.2587001063372566 0.16468336189159735 0.16374667451188502
0 0.9236322960684372 0.24392849432454772 0.06595361474138883 0.08236821509696393
0 0.5579326012549302 0.35417584213050174 0.2040004350298613 0.1753660129856435
0 0.6957215823532288 0.4400161103944463 0.2255494331300003 0.22884556899199798
0 0.5940109991469786 0.5823593433483177 0.4183915497712503 0.2603252142828897
0 0.7896339300927774 0.4985086745184756 0.143825348023889 0.1399546185055307
0 0.5069130022811107 0.46595882183796233 0.3724608007211808 0.23297178165332982
0 0.4063694480445482 0.3904014886392096 0.2590165497712501 0.2575433133099551
0 0.40433351614881907 0.4443213754086847 0.16464699430041688 0.162184174511885
0 0.3990336459921874 0.17294282487920698 0.2534588404244447 0.34588564975841396
0 0.17418172919843747 0.25944536363756193 0.34836345839687494 0.3904842727248761
0 0.22937053695038162 0.41223339854059804 0.2174459924005557 0.21620920129724616
0 0.10395557570371505 0.6699249419650506 0.2079111514074301 0.2819160219140972
0 0.21379094339180482 0.8802839691574491 0.3891027868534723 0.20983429058178374
0 0.5776177072595131 0.8505053713514951 0.35803593123013916 0.2842615462638264
0 0.8657905076963534 0.8165807901846325 0.2357608877271531 0.2649467102256999
0 0.5681719317082979 0.7530536728936225 0.3181382830537503 0.3148024342511178
0 0.311869339952673 0.6591299435899037 0.284525696047778 0.2798546899331605
0 0.21975588155579812 0.5904538559269241 0.3487349728332642 0.3543831314911742