0 0.08934929032287156 0.05341230029956241 0.07151543507002259 0.06498701333591957
0 0.04237584077768296 0.11433369590741575 0.08475168155536592 0.09151756242753395
0 0.3086044044670607 0.0915508027154584 0.12747864474715104 0.13026106909549376
0 0.24419730210969584 0.0874689516572916 0.06704625889134012 0.06929187606301594
0 0.19005345761021383 0.11368050741686582 0.057234611248705033 0.05915160151720875
0 0.13531029962849647 0.13604958605525727 0.07195208271265771 0.07436201333591956
0 0.10741427791687475 0.250398999540958 0.07522263192686944 0.07774210485118864
0 0.10541082216868773 0.32683395378332347 0.04524403349844599 0.06906873545613249
0 0.2640602301504051 0.29598308226223546 0.09157537799792799 0.09464256242753395
0 0.1917057330458892 0.41240504984052045 0.08503427956950463 0.08788237939699588
0 0.24455471298689732 0.180055064384388 0.08503427956950463 0.08788237939699584
0 0.5092914551290144 0.1273136042229688 0.0997517510334573 0.10309279121570665
0 0.42178930107623847 0.16792237089286824 0.10785534946188076 0.10998052000387934
0 0.5649527961138399 0.23562056967522196 0.09157537799792799 0.09464256242753404
0 0.49251271588238144 0.2703301516475933 0.0851070541766104 0.08944487939699589
0 0.6559393992997742 0.5379487310348908 0.06704625889134022 0.06929187606301604
0 0.08993556369163233 0.5421241139350444 0.12093754631872758 0.12350088606495575
0 0.2158173593911874 0.6633777474149262 0.1085830955329393 0.12560552000387926
0 0.3407253141059171 0.6718603139253461 0.12101032092583344 0.12506338606495576
0 0.2669774449993293 0.701228691655352 0.06221320967712849 0.06578423879011233
0 0.17976638937497674 0.7355874583252514 0.13416529238978617 0.14014625212603188
0 0.3199504336267897 0.8004157486228742 0.11777831306795061 0.15593074879205204
0 0.22194958126942485 0.7990761313538498 0.10058650496239877 0.0875953369733411
0 0.32156870740532606 0.4983111146839504 0.04742296360606986 0.04901132697140156
0 0.37581740570991495 0.5366882174091072 0.04313787799792799 0.0906886439408634
0 0.5737005957423362 0.3820013620988766 0.1013142510334573 0.10322033697334128
0 0.12168852378304554 0.6290343115094501 0.08183650496239876 0.0860647878817268
0 0.1747107082338956 0.8107150040828859 0.09157537799792799 0.09464256242753386
0 0.4649376019475893 0.7621190389204969 0.16516273531769166 0.17069462152108805
0 0.5874483027333776 0.7552316969461859 0.09313787799792798 0.09477010818516848