0 0.140625 0.36171875 0.28125 0.3203125
0 0.02734375 0.1640625 0.05 0.1359375
0 0.11796875 0.21015625 0.109375 0.11953125
0 0.125 0.1421875 0.1671875 0.07109375
0 0.2125 0.22578125 0.16328125 0.1296875
0 0.2796875 0.1578125 0.18515625 0.11953125
0 0.403125 0.175 0.12890625 0.10625
0 0.57109375 0.32421875 0.32109375 0.21328125
0 0.58359375 0.159375 0.06328125 0.06171875
0 0.62265625 0.240625 0.0859375 0.09921875
0 0.69453125 0.17734375 0.13359375 0.1015625
0 0.703125 0.1 0.13359375 0.03828125
0 0.87109375 0.2609375 0.25703125 0.3125
0 0.75859375 0.384375 0.13671875 0.225
0 0.83125 0.6734375 0.2515625 0.42109375
0 0.871875 0.5203125 0.2015625 0.115625
0 0.89609375 0.46328125 0.2078125 0.1578125
0 0.95234375 0.6609375 0.09453125 0.29296875
0 0.5796875 0.49140625 0.30390625 0.21328125
0 0.6234375 0.740625 0.36875 0.3484375
0 0.36171875 0.4421875 0.26328125 0.3625
0 0.234375 0.6109375 0.38984375 0.2484375
0 0.15625 0.70625 0.3109375 0.45625
0 0.3734375 0.83125 0.246875 0.303125
0 0.590625 0.93046875 0.2671875 0.1390625
0 0.5984375 0.75078125 0.2546875 0.29765625
0 0.60625 0.74375 0.178125 0.2015625