0 0.21296856777088666 0.7394777370143565 0.08428527110331832 0.08582049756436802
0 0.20726048985043502 0.5020050105533068 0.11284664772652384 0.11131142126547414
0 0.309487237414803 0.5830583672910099 0.08098872158978568 0.165426176947517
0 0.6281141734375 0.5303394234375001 0.6287432296875 0.5239549375 0.6238993359375 0.4964838546875 0.6197459046875 0.48345788437500004 0.53475551875 0.45079752968750003 0.49732858750000003 0.450362409375 0.47845157031249996 0.43931341875 0.47891175781250006 0.43464280781250003 0.45741694375 0.43843292343750007 0.4360922609375 0.44562843281250003 0.5126992921875 0.5192049671875 0.5778785828124999 0.5516448828125 0.6281141734375 0.5303394234375001
0 0.5670855032431156 0.5215133465947286 0.11128414772652384 0.11128414772652384
0 0.4794939999967047 0.47302702800647245 0.13195120373287814 0.13195120373287814
0 0.7816331984545772 0.4560308482195817 0.10582508035608366 0.15648755357072233
0 0.8794649521080252 0.3300665917267599 0.11446369480442442 0.11446369480442442
0 0.7635433468749999 0.274494021875 0.8095381015625 0.2838041078125 0.8188645984375 0.27926772031249997 0.816769865625 0.2673879046875 0.7725315968750001 0.1727710578125 0.7724957953125 0.17274341875000002 0.7226051124999999 0.19701014375 0.7113962453125 0.1931862890625 0.6937293453125 0.1554003109375 0.67725258125 0.141014109375 0.6685895453125 0.14254163749999998 0.6682208515625 0.1448805453125 0.6727958453125 0.1708266171875 0.7076928734375 0.2454644125 0.7635433468749999 0.274494021875
0 0.7426450162320544 0.23711325284596435 0.08266822402541756 0.08266822402541774
0 0.36070217968749996 0.27274099375 0.3571208453125 0.2630594703125 0.354073403125 0.2583487140625 0.3374298296875 0.25171309375 0.330284490625 0.252973009375 0.32931835781249996 0.28218034062499997 0.32938836562499996 0.28236959375000004 0.340384559375 0.296050009375 0.362054034375 0.2885762765625 0.3627753734375 0.28449865937499996 0.36070217968749996 0.27274099375
0 0.20753145625 0.32503665000000004 0.2242413671875 0.31778318125 0.22396144062499998 0.31619563125 0.1697761734375 0.30190395312499996 0.16054161875 0.303532253125 0.1564944328125 0.30489431875 0.14157319375 0.3113713609375 0.1375648203125 0.319459609375 0.1433180921875 0.33151309375000004 0.168783625 0.33457846562500004 0.20753145625 0.32503665000000004
0 0.292703871875 0.0400940703125 0.2907221578125 0.03937735625 0.257852475 0.0451731671875 0.249359675 0.0568578796875 0.2561764125 0.0823450953125 0.2996456375 0.0794627734375 0.292703871875 0.0400940703125