0 0.051401971830348815 0.32256448076270633 0.06922745849442927 0.2563789747722566
0 0.3336884422835718 0.27745035508732513 0.4333533445593849 0.3843899352013608
0 0.5663409298657361 0.4401239367610053 0.14703398091420466 0.14068454210278442
0 0.38027691561173266 0.14748014600898324 0.3824288312234653 0.2949602920179665
0 0.7193070778894854 0.2600668706116037 0.3801647006185215 0.3435813967267734
0 0.9000793615191484 0.2969964078202468 0.19984127696170334 0.23883435462398897
0 0.41283251896510914 0.6711259440173996 0.5158788021357303 0.40285224772256534
0 0.5833838771502777 0.7544865371238251 0.09295251666989941 0.08893850362819719
0 0.47091647274843274 0.5476586729660072 0.09477010818516848 0.09211806733052796
0 0.3209318035128561 0.7354463935619125 0.18070735030926066 0.17146331614940155
0 0.419065898821147 0.8722618580825501 0.1402737978836665 0.13421628729346083
0 0.5381982782181429 0.9495832715147283 0.09154951333591957 0.0717510036281972
0 0.9757159298657362 0.9262374745178026 0.04856814026852767 0.08630457694917482
0 0.903379124480615 0.657998395206375 0.19324175103877012 0.22315479092165802
0 0.7433489374517798 0.7081596302302506 0.1198657030344176 0.11324902286549073
0 0.7387407989709283 0.8148734217000628 0.08893469636645772 0.0778918762235353
0 0.7652562751740271 0.5734200424813026 0.110043906068835 0.22196925843752044
0 0.6312815640945239 0.07676583616651753 0.16406198424818436 0.15353167233303505