0 0.26484375 0.2796875 0.07265625 0.11953125
0 0.09765625 0.26015625 0.1046875 0.06796875
0 0.07421875 0.5078125 0.1171875 0.1421875
0 0.2390625 0.5640625 0.11328125 0.1328125
0 0.40390625 0.4171875 0.0953125 0.15234375
0 0.60234375 0.32734375 0.10546875 0.09375
0 0.7078125 0.35078125 0.07421875 0.07109375
0 0.68203125 0.271875 0.13046875 0.08671875
0 0.84375 0.365625 0.13671875 0.1140625
0 0.796875 0.4734375 0.1296875 0.07421875
0 0.55 0.425 0.05390625 0.05
0 0.6671875 0.5296875 0.1140625 0.07734375
0 0.87578125 0.5859375 0.14921875 0.0953125
0 0.72890625 0.71640625 0.171875 0.1375
0 0.753125 0.9015625 0.14765625 0.1484375
0 0.89453125 0.76953125 0.10859375 0.1140625
0 0.459375 0.828125 0.16640625 0.15703125
0 0.41484375 0.77265625 0.09921875 0.059375
0 0.52109375 0.634375 0.0984375 0.09609375
0 0.35546875 0.640625 0.08125 0.0953125
0 0.20234375 0.725 0.06953125 0.0953125
0 0.2921875 0.8265625 0.09375 0.0859375