0 0.29765625 0.4078125 0.46875 0.25078125
0 0.4609375 0.325 0.096875 0.125
0 0.38671875 0.1515625 0.078125 0.09765625
0 0.29609375 0.26875 0.1484375 0.08125
0 0.4984375 0.22734375 0.06328125 0.09453125
0 0.58828125 0.203125 0.1296875 0.109375
0 0.67109375 0.28125 0.165625 0.1578125
0 0.69765625 0.4109375 0.175 0.175
0 0.8421875 0.55859375 0.13359375 0.078125
0 0.928125 0.596875 0.14140625 0.06796875
0 0.8484375 0.72265625 0.203125 0.09375
0 0.76875 0.89921875 0.275 0.2015625
0 0.86328125 0.83203125 0.15 0.096875
0 0.58515625 0.8796875 0.18828125 0.234375
0 0.53515625 0.6328125 0.028125 0.0328125
0 0.584375 0.65390625 0.034375 0.053125
0 0.334375 0.80625 0.08984375 0.13125
0 0.21484375 0.784375 0.18203125 0.20546875
0 0.09375 0.596875 0.17421875 0.2546875
0 0.37890625 0.6375 0.284375 0.13203125
0 0.0921875 0.82109375 0.1609375 0.28828125
0 0.13046875 0.06484375 0.246875 0.1078125
0 0.034375 0.13984375 0.06875 0.1390625
0 0.64921875 0.69765625 0.08046875 0.0375
0 0.64453125 0.725 0.04453125 0.03671875
0 0.5 0.72734375 0.07265625 0.0421875
0 0.67421875 0.61328125 0.13359375 0.1140625
0 0.8234375 0.6421875 0.1921875 0.10625
0 0.584375 0.42890625 0.13828125 0.18359375
0 0.5609375 0.29765625 0.090625 0.1421875