0 0.4609375 0.25546875 0.06171875 0.03359375
0 0.53359375 0.21953125 0.025 0.03828125
0 0.61015625 0.26640625 0.075 0.0359375
0 0.2203125 0.4109375 0.07265625 0.0609375
0 0.246875 0.53125 0.1109375 0.05703125
0 0.1390625 0.5703125 0.0421875 0.02421875
0 0.23125 0.6 0.06015625 0.02578125
0 0.29375 0.66875 0.04296875 0.03125
0 0.3890625 0.53359375 0.09296875 0.05234375
0 0.4203125 0.578125 0.03828125 0.0234375
0 0.415625 0.72109375 0.096875 0.05625
0 0.2453125 0.76015625 0.0421875 0.03125
0 0.2984375 0.78359375 0.0484375 0.02421875
0 0.41796875 0.80546875 0.05546875 0.0203125
0 0.44921875 0.87109375 0.0453125 0.02265625
0 0.4609375 0.834375 0.05234375 0.0265625
0 0.5203125 0.8609375 0.046875 0.028125
0 0.5453125 0.70703125 0.06015625 0.1015625
0 0.53671875 0.78828125 0.06796875 0.053125
0 0.48359375 0.65078125 0.034375 0.028125
0 0.590625 0.78203125 0.0359375 0.05
0 0.58046875 0.871875 0.02265625 0.07421875
0 0.76875 0.790625 0.04140625 0.04609375
0 0.8125 0.75 0.04140625 0.06953125
0 0.725 0.7125 0.06484375 0.0515625
0 0.815625 0.38359375 0.0421875 0.05
0 0.56953125 0.44375 0.08515625 0.0515625
0 0.62109375 0.384375 0.071875 0.06015625
0 0.4453125 0.38984375 0.0484375 0.03359375
0 0.8265625 0.92734375 0.1078125 0.0578125
0 0.79453125 0.9734375 0.08203125 0.053125
0 0.91796875 0.878125 0.0703125 0.04609375
0 0.94453125 0.9515625 0.10703125 0.046875
0 0.7484375 0.89453125 0.071875 0.040625
0 0.67890625 0.85234375 0.059375 0.03828125