0 0.61015625 0.40546875 0.27734375 0.328125
0 0.44765625 0.590625 0.1515625 0.1140625
0 0.55 0.590625 0.10703125 0.08984375
0 0.3296875 0.4984375 0.1828125 0.1171875
0 0.84921875 0.43515625 0.07265625 0.1203125
0 0.59609375 0.11328125 0.09921875 0.178125
0 0.4328125 0.225 0.1515625 0.07578125
0 0.6890625 0.2046875 0.05390625 0.1234375
0 0.92734375 0.79609375 0.13515625 0.09453125
0 0.4453125 0.740625 0.2078125 0.22890625
0 0.6046875 0.93359375 0.20703125 0.115625
0 0.4 0.9421875 0.25234375 0.11484375
0 0.26328125 0.02421875 0.13671875 0.04765625
0 0.22578125 0.3109375 0.396875 0.1671875
0 0.07421875 0.5953125 0.13359375 0.15390625
0 0.228125 0.76875 0.21796875 0.26328125
0 0.79609375 0.33515625 0.03984375 0.04140625
0 0.78203125 0.2203125 0.03828125 0.02734375
0 0.62578125 0.44453125 0.08359375 0.1578125
0 0.63359375 0.35 0.05546875 0.09921875
0 0.68984375 0.43125 0.0984375 0.10078125
0 0.515625 0.43203125 0.0734375 0.07421875
0 0.52734375 0.371875 0.06953125 0.08203125
0 0.54765625 0.33046875 0.0765625 0.06875
0 0.575 0.453125 0.084375 0.13828125
0 0.6015625 0.17421875 0.04765625 0.05546875
0 0.56875 0.27109375 0.0734375 0.05703125