0 0.178125 0.3328125 0.08984375 0.15234375
0 0.06640625 0.47734375 0.11953125 0.19375
0 0.0984375 0.34296875 0.1171875 0.07421875
0 0.1328125 0.6859375 0.190625 0.15234375
0 0.390625 0.590625 0.14296875 0.09453125
0 0.253125 0.7625 0.228125 0.1265625
0 0.3234375 0.67109375 0.10390625 0.1171875
0 0.41484375 0.86171875 0.2203125 0.2078125
0 0.58515625 0.85625 0.196875 0.09765625
0 0.31875 0.2171875 0.15 0.0953125
0 0.38046875 0.071875 0.13984375 0.06875
0 0.4859375 0.1890625 0.09375 0.13828125
0 0.5765625 0.27265625 0.11953125 0.0546875
0 0.58203125 0.1828125 0.0953125 0.05703125
0 0.5515625 0.01015625 0.0734375 0.0203125
0 0.33125 0.33828125 0.13203125 0.125
0 0.45078125 0.36328125 0.08046875 0.12265625
0 0.56796875 0.34921875 0.02890625 0.0921875
0 0.6234375 0.32578125 0.07421875 0.07734375
0 0.19375 0.4484375 0.1953125 0.11953125
0 0.115625 0.603125 0.23046875 0.0640625
0 0.3234375 0.875 0.15078125 0.2
0 0.67734375 0.5109375 0.13359375 0.14765625
0 0.8609375 0.48046875 0.16640625 0.1140625
0 0.75390625 0.6703125 0.109375 0.2453125
0 0.57734375 0.5984375 0.059375 0.11875
0 0.52734375 0.7140625 0.08984375 0.1203125
0 0.63671875 0.7265625 0.0828125 0.18828125
0 0.75234375 0.89921875 0.084375 0.04765625
0 0.6234375 0.9265625 0.1609375 0.1109375
0 0.91875 0.98125 0.1625 0.0375
0 0.70625 0.0109375 0.065625 0.0203125
0 0.9515625 0.29296875 0.096875 0.21171875
0 0.965625 0.303125 0.06875 0.15390625
0 0.728125 0.2875 0.1359375 0.21328125