0 0.6171875 0.18515625 0.09296875 0.04375
0 0.7984375 0.0734375 0.0890625 0.0421875
0 0.5671875 0.0984375 0.09609375 0.04375
0 0.60546875 0.49140625 0.08203125 0.08359375
0 0.67109375 0.43359375 0.065625 0.08515625
0 0.7328125 0.41484375 0.0671875 0.04296875
0 0.7375 0.4125 0.06796875 0.05546875
0 0.7578125 0.27265625 0.05546875 0.0359375
0 0.4609375 0.32265625 0.04453125 0.05
0 0.4671875 0.2328125 0.0484375 0.03125
0 0.28828125 0.3203125 0.11171875 0.0796875
0 0.3015625 0.21484375 0.06484375 0.02578125
0 0.209375 0.39296875 0.10078125 0.06484375
0 0.4765625 0.04609375 0.0625 0.065625
0 0.2953125 0.47890625 0.1125 0.084375
0 0.31015625 0.62265625 0.06875 0.05078125
0 0.40078125 0.64609375 0.04609375 0.028125
0 0.55234375 0.75546875 0.0796875 0.03828125
0 0.56484375 0.32265625 0.10078125 0.05
0 0.7875 0.484375 0.0546875 0.0265625
0 0.82265625 0.5703125 0.05625 0.08125
0 0.8984375 0.703125 0.13828125 0.0515625
0 0.20703125 0.71328125 0.14921875 0.0671875
0 0.08203125 0.82890625 0.03828125 0.071875
0 0.45078125 0.89921875 0.0421875 0.034375
0 0.44140625 0.72265625 0.0796875 0.08203125
0 0.484375 0.4828125 0.0703125 0.06640625
0 0.6546875 0.2609375 0.08828125 0.0734375
0 0.0640625 0.1640625 0.08828125 0.096875
0 0.2015625 0.86953125 0.05 0.03203125
0 0.32265625 0.8984375 0.05 0.0546875
0 0.58515625 0.9359375 0.11484375 0.10390625
0 0.8859375 0.228125 0.0484375 0.02109375
0 0.89140625 0.35 0.0625 0.0609375
0 0.93359375 0.2890625 0.04375 0.0515625