0 0.2878247543353245 0.2070206852478021 0.1451552580585183 0.09310269566510643
0 0.28210987097074086 0.03884764129303185 0.0982802580585183 0.0776952825860637
0 0.5600004251177778 0.027695282586063706 0.17062414976444434 0.05539056517212741
0 0.6109690198867133 0.1704996175298546 0.16495920160240712 0.15930069863085597
0 0.42707459910426 0.3593750696207517 0.16978340263916641 0.16105419961943915
0 0.30226265240282524 0.5847663418638731 0.1285336860510183 0.13446252471457926
0 0.31609212360912176 0.70252950342286 0.10052626324231469 0.0990688527754692
0 0.23047654382592725 0.6756579387078432 0.137771985014259 0.1332820266917457
0 0.3167579220067146 0.8550815004571106 0.16142409849212935 0.15448586463846717
0 0.44385695570139044 0.7993023912558508 0.13579938190398125 0.1285308596955513
0 0.41818974024453814 0.5232147351340714 0.06484304147037037 0.0649193458553869
0 0.521277201083242 0.6529102109137835 0.10040868605101831 0.13331651878308026
0 0.5609282955693536 0.8848340315602995 0.15829909849212936 0.1543585306460784
0 0.7228014533923163 0.7163175004199296 0.20913842855814782 0.20158104053191012
0 0.88355373421227 0.7385705493176156 0.1053887119699997 0.17244268577927463
0 0.7627156794995852 0.9007442385569313 0.14103368605101813 0.13497186068413428
0 0.8697706555603713 0.40672764171296133 0.19949002648462938 0.19807403855474384
0 0.8230904366631489 0.36192181908927906 0.10704966531583296 0.10244852076024671
0 0.6565878589062046 0.4854760187087182 0.1275767787937035 0.12352502471457924
0 0.6821619317621765 0.29993776673155187 0.12064327360990709 0.11545785672980183
0 0.7955681952873151 0.12483299597130522 0.10378796427907382 0.10075868676785786
0 0.8982646768612043 0.2234058057434062 0.11452997464666623 0.11676568874502422