0 0.20390625 0.44609375 0.40625 0.4796875
0 0.2703125 0.209375 0.36640625 0.09296875
0 0.30703125 0.1609375 0.38359375 0.06875
0 0.61171875 0.165625 0.3234375 0.16953125
0 0.665625 0.0703125 0.3328125 0.13515625
0 0.81328125 0.3453125 0.3328125 0.33046875
0 0.85234375 0.1671875 0.215625 0.2078125
0 0.62578125 0.4453125 0.53828125 0.43359375
0 0.55859375 0.4234375 0.49140625 0.40390625
0 0.31640625 0.70703125 0.1765625 0.23671875
0 0.4609375 0.75625 0.1796875 0.21015625
0 0.59921875 0.88984375 0.278125 0.1515625
0 0.684375 0.70546875 0.36484375 0.29453125