0 0.30443195007943025 0.2276596509422228 0.08425799756436803 0.09005765494824054
0 0.2363404691541537 0.22657489604125045 0.07014095048646726 0.08570234561740726
0 0.25751031128136015 0.13943648100824121 0.11128414772652384 0.11894407257314796
0 0.15073420576147312 0.2082438525446299 0.07469208279171564 0.07829994872768502
0 0.06596373944669318 0.19296945852962974 0.12740007142762994 0.1484360829407405
0 0.07249397767557036 0.43260815697449084 0.1271818831160272 0.13593608294074055
0 0.27196351257531115 0.8329814294531023 0.37223310470581283 0.32118724363842543
0 0.15047825040044654 0.7763199092835651 0.21856263392680608 0.2765405420360182
0 0.22218388067709993 0.67067621055588 0.21779897483619653 0.23279054203601818
0 0.4365538924449274 0.89369617111176 0.16180234496658025 0.15300600574944417
0 0.6000594646866315 0.6681316601785197 0.14946598620028234 0.16128739745537005
0 0.8082555685816655 0.8064054738446774 0.1780000892845372 0.1871855161170366
0 0.8953970584353957 0.8230373163045387 0.07937958279171582 0.07871005183796279
0 0.939338784088962 0.20262778001796472 0.07650004464226896 0.09249914976444433
0 0.8626324135548364 0.01269017888745449 0.09061709172016955 0.02538035777490898
0 0.6785261948044246 0.08905577219578756 0.28517738960884903 0.17811154439157512