0 0.8485277657675695 0.01558278294747377 0.08419446846486096 0.03116556589494754
0 0.773110191679375 0.0014037210592414474 0.09752961664125 0.0028074421184828948
0 0.8120590164331596 0.22534215182979697 0.1776912017473613 0.12173613466105584
0 0.8128415728539234 0.1581819336809624 0.07994337955902786 0.08085318511654283
0 0.7827553357717012 0.10927320772757951 0.08070579255305557 0.046532748818873634
0 0.7566480838718401 0.057103072518369505 0.08957295269729179 0.09211806733052792
0 0.6379890028497917 0.05734366389551454 0.08761040919430556 0.07487600362819706
0 0.5595730621203472 0.07257184901205734 0.07634560087368066 0.060431557711881065
0 0.6004130016155207 0.22961053349562793 0.09912979065319441 0.10025794954451302
0 0.4765949483288887 0.1831943796820964 0.09760365824437507 0.1017658858421822
0 0.7186187941685762 0.18176825582081374 0.10389002583555573 0.10354664065150568
0 0.7859101712590622 0.44326626181126355 0.1070877610179167 0.10678076805616729
0 0.7401814035916316 0.36211795473235464 0.11184799620027785 0.11006945916315995
0 0.6777872403132634 0.5274453435697618 0.10232752583555556 0.10349207694917481
0 0.6387442305296176 0.46089524983036395 0.08797408510611113 0.09050100362819702
0 0.3748953636040272 0.6957067925661207 0.0703501740119445 0.07115080290255768
0 0.3393508278879166 0.10992554918954256 0.1630104526972918 0.09468256134007813
0 0.22165156876986086 0.27015869945969506 0.13746624525034737 0.13750497840045367
0 0.2201591911106941 0.40135413575736417 0.142262848023889 0.14235616950744615
0 0.18584004891822886 0.33307785091097386 0.0719854091943056 0.07433036660488854
0 0.14559821504638867 0.250957320873907 0.14179137575930573 0.18917660580511536
0 0.08641997074597188 0.41226933230665236 0.1534549211621529 0.15367561542376224
0 0.08333329796829834 0.3101165552648103 0.10232752583555563 0.10349207694917481
0 0.3964502405976039 0.3397742510963083 0.05276263050895835 0.05336310217691827
0 0.360584169359201 0.4050371525475872 0.07354790919430565 0.0743849303072194
0 0.5292218005337495 0.5716641134400275 0.1055252610179167 0.10672620435383653
0 0.2522131973789582 0.16448905281773965 0.11562630642076392 0.07117065027015249
0 0.06956239190812477 0.2645411604369535 0.1071241286090973 0.1083432680561673
0 0.1346730199485412 0.5526562301297341 0.20868793502986124 0.1790228450053421
0 0.14893292885850634 0.6778372794040947 0.12521951196784728 0.08087303248413757