0 0.34609375 0.0765625 0.32265625 0.153125
0 0.5609375 0.17890625 0.184375 0.13984375
0 0.6296875 0.1 0.29453125 0.190625
0 0.8421875 0.2171875 0.21640625 0.1640625
0 0.7265625 0.284375 0.23203125 0.203125
0 0.49765625 0.3703125 0.12109375 0.128125
0 0.64140625 0.43828125 0.21875 0.128125
0 0.8203125 0.5296875 0.1765625 0.1640625
0 0.79140625 0.41484375 0.12734375 0.146875
0 0.5140625 0.5640625 0.115625 0.11171875
0 0.621875 0.7171875 0.20546875 0.284375
0 0.3296875 0.80546875 0.34609375 0.24296875
0 0.44296875 0.83828125 0.1640625 0.19921875
0 0.090625 0.31640625 0.18125 0.2015625
0 0.1515625 0.315625 0.1078125 0.17109375
0 0.31953125 0.33515625 0.278125 0.16640625
0 0.2390625 0.55390625 0.2171875 0.33828125
0 0.14375 0.18828125 0.07421875 0.0796875