0 0.5206066526946479 0.07772112901452936 0.20258331618646536 0.15544225802905873
0 0.43195947240559834 0.03219726707417027 0.1142060551888033 0.06439453414834054
0 0.21773102904429414 0.050756916553771916 0.15203794191141168 0.10151383310754383
0 0.29683542074128005 0.2108844318189199 0.20170790041956294 0.19732645861557022
0 0.26619091721679505 0.11210941711959879 0.12270563942190078 0.12004026232447189
0 0.21653353671796402 0.15128478177349133 0.10769594606059663 0.10680327792830413
0 0.13351920455945898 0.18909572026267357 0.15284342531467215 0.14807673111680747
0 0.5877554960513077 0.24310495307696164 0.1788623962703781 0.20391065128862396
0 0.6397906701165801 0.28551045906985545 0.20843149710021489 0.20390400723608923
0 0.671962707459244 0.3538576673467414 0.1730142153566284 0.16780937697836434
0 0.6730973097389735 0.4518447879935278 0.22860228714217126 0.2236366530976463
0 0.5438251294499239 0.40181488975712154 0.24093726639624685 0.26319047602842466
0 0.45723274355250804 0.6203435617379605 0.37716187677385343 0.43840956128367525
0 0.44100501492313243 0.5675018447546472 0.12102474025173766 0.1183958751693421
0 0.7053392794452795 0.5808838348050245 0.27933599295103007 0.2154014292169279
0 0.81238126222384 0.6367476532132472 0.2606577705454317 0.2564425090451115
0 0.6126646821399275 0.684565434759596 0.34302182988341984 0.3370174796464694
0 0.787565903296126 0.9026183146786366 0.11105774440092268 0.11009205223856355
0 0.7406326263264242 0.8544983972203534 0.2328161904615193 0.21763231456303558
0 0.6157384474872671 0.900729345320474 0.22677783278320493 0.1379448145630356
0 0.5733034163683806 0.8445922099743666 0.24373037967363853 0.23843613749381376
0 0.3568523900233787 0.7127567910457455 0.19498430373891082 0.19074890999505117
0 0.3735052485268855 0.8216028465636696 0.14143232863402008 0.14125352103089917
0 0.22841789147327124 0.8159780455683012 0.2605393713752687 0.25488000904511166
0 0.18590127259680223 0.689033765265148 0.2623852912913561 0.21762567051050077
0 0.09164962934967755 0.6679986482364062 0.1832992586993551 0.19732645861557022
0 0.24836815164574078 0.5526967955683013 0.47507731328668035 0.3750641135222388
0 0.3730874995757928 0.3547362511316538 0.12762993776222675 0.12341092378986111
0 0.24310492426576497 0.3140813528952475 0.21335579544054104 0.2072746687014785
0 0.4279068993706557 0.2577074429001963 0.29818108133331245 0.23817718792335532
0 0.36804941514220263 0.10776051108127646 0.2302831863123343 0.21552102216255292
0 0.3302785732354353 0.03732185832231448 0.18319285352912934 0.07464371664462896
0 0.18541635912820673 0.014198618837764057 0.14791728174358654 0.028397237675528115
0 0.12178972178089842 0.40323678539153596 0.24357944356179684 0.29352642921692806
0 0.12563400434967753 0.2828866638402384 0.20675059793005196 0.2022596200809595
0 0.03325725020049266 0.6893214495704587 0.06651450040098532 0.2588571008590826
0 0.021918853729622004 0.4441694018544508 0.04383770745924401 0.11478619629109836
0 0.014873180489542287 0.7775584339666265 0.029746360979084573 0.20425813206674698
0 0.06940639252217844 0.8214854963819554 0.13881278504435687 0.21327900723608906
0 0.8498140977063373 0.4200171766189956 0.20002700124939993 0.19568207146044045
0 0.08581633298369759 0.15113205280439052 0.07682445435896632 0.08962242198083885