0 0.25385006397200127 0.2151984471822604 0.17547380935708984 0.181056570958725
0 0.2175409413192279 0.11154516832631982 0.16112040802036268 0.15556549763774727
0 0.6173131273074557 0.21225950797418433 0.3670987827020893 0.27365084264308936
0 0.11265235196531978 0.25950646397248334 0.1533079080203627 0.155292679126093
0 0.27724265798059183 0.6253646208660577 0.5544853159611837 0.6788542417321155
0 0.47429563991886736 0.6144618703179037 0.3382476240451798 0.3444891322988031
0 0.7188376226130024 0.42057549417918627 0.46897146005727 0.4380804195922643
0 0.8858256752864566 0.3763865284774224 0.22478510805217944 0.3920684820286507
0 0.8408826085694135 0.7460616222168202 0.3064169160566337 0.4277182945498552
0 0.7070712299093224 0.6929316438163665 0.41230328938572497 0.40017862630835344
0 0.6452150252228233 0.8198462524470707 0.6512021573838158 0.3603074951058588
0 0.2023269965388695 0.9434796706885725 0.19042610001590835 0.11304065862285491
0 0.10114575720086974 0.9769543696001133 0.09118862133990877 0.04609126079977344