0 0.186409066934293 0.04470634821299114 0.177181866131414 0.0858125892845374
0 0.15269659855112558 0.41451428774240984 0.30539319710225116 0.3634035754848197
0 0.15778701187707583 0.6631699760540125 0.31557402375415167 0.39821495210802504
0 0.2717415715669967 0.8581270328727936 0.33072357803617647 0.2837459342544129
0 0.5168735988648926 0.8560622284863493 0.2777592643410859 0.26705468100470675
0 0.5769144370801019 0.5904060008074836 0.24450667334809956 0.2352592102256999
0 0.29515209978774326 0.5080575564100962 0.34738944632705876 0.33070016964062104
0 0.31885372224067876 0.18701835348799692 0.2777592643410859 0.26705468100470675
0 0.5979125616925056 0.3115542978853843 0.13673614126984165 0.13661143019392785
0 0.37706434531192307 0.059766106734407784 0.22399630937615383 0.11004102191409726
0 0.8429246730435576 0.32052374350058765 0.29913122146548615 0.3813626428552598
0 0.7903260950073813 0.6042987256436803 0.3704845897563686 0.4231876785690748
0 0.6912716240033202 0.7989768368489054 0.4919590715577716 0.40204632630218917