0 0.2753440745126582 0.4981545918674959 0.06076043758467105 0.05961719468185826
0 0.25139531942427557 0.5762039971574027 0.0378209045679843 0.03803062101845249
0 0.31305651571537385 0.653008691839261 0.07391553482570909 0.07284523677523325
0 0.3909879274079057 0.23773927858625932 0.0809025192218769 0.08727175782192065
0 0.5197270810713789 0.2569204600433509 0.11009205223856355 0.10922235253201382
0 0.5401889880142123 0.14206129949177237 0.04448034034363317 0.04620714206513994
0 0.5871668865893028 0.23592469155691234 0.050976001809022266 0.05125866311182729
0 0.6690210741739739 0.29677045727134066 0.04924972749876275 0.04804265785015547
0 0.5477369736535757 0.40497852844508503 0.08229460085908258 0.11383425782192055
0 0.5991290552907813 0.4344531968185842 0.03946529172311415 0.03968412628012441
0 0.7448166915414 0.420351441415738 0.09364818068726599 0.09268729991529537
0 0.7540677815463488 0.24019350455580019 0.03987472749876275 0.04749662628012441
0 0.7872388076656305 0.29353060715840124 0.047769114653892684 0.04951415258848364
0 0.8326475621881861 0.41689948870019744 0.04760534034363317 0.04638915258848364
0 0.9049696195151327 0.44447772810626657 0.042672178878243726 0.04142863680346807
0 0.8691516282215599 0.4595266044569781 0.04768722749876275 0.04795165258848364
0 0.9073377029613606 0.5193867228445948 0.04933161465389233 0.04960515785015538
0 0.7534624304601236 0.5555986966774098 0.10195200361804453 0.10251732622365459
0 0.8360735345985665 0.5417174781768537 0.0746525192218769 0.08690773677523325
0 0.6856297992978876 0.49479072831802806 0.041109678878243724 0.04133763154179615
0 0.8390214721832375 0.5979674781768537 0.0592798247398008 0.061088689420186526
0 0.9285000520114209 0.581370783353821 0.08173467887824373 0.04370376834526439
0 0.8806744629109833 0.7834268360411267 0.05911605042954164 0.05796368942018652
0 0.8457948518751355 0.8312427097610022 0.06741987336031982 0.06779371572854594
0 0.792072308342999 0.742438544018339 0.07728619629109837 0.0777147472985769
0 0.4702902408392875 0.8592194364364147 0.0608423247398008 0.06117969468185862
0 0.48778319877748916 0.5985395416698518 0.07859639077317446 0.10271474729857691
0 0.4362483542499846 0.655510607511337 0.08049308344622812 0.07945925782192056
0 0.41034319425493343 0.47330505226378267 0.0467798247398008 0.0603606473268119
0 0.9877068764125376 0.8314232622365465 0.024586247174924837 0.10676521046687384
0 0.9798401447299032 0.9319392017273203 0.040319710540193655 0.07597023677523325
0 0.9728492986762898 0.7543224359423046 0.05430140264742036 0.07597023677523325
0 0.9277364914051145 0.6856942623071336 0.06569359905006031 0.06457771046687402