0 0.813081965263209 0.4844040432602794 0.27309085938667826 0.2837665731387958
0 0.6959051197302696 0.6113656673885662 0.14426803846084474 0.15734219123481452
0 0.5598648041811197 0.8092255518844457 0.10549232878371625 0.09326056738935193
0 0.4439508598054722 0.7921343796413899 0.07358735731976367 0.0764640466541664
0 0.37881612717386776 0.5200631814793526 0.06821065260503385 0.0946672425071295
0 0.3190494830458892 0.40002337502324137 0.12925946856846854 0.13579938190398125
0 0.29598878039807414 0.19351909679518578 0.2305737196019259 0.23958734618305516
0 0.06459538523663833 0.449825051272315 0.12919077047327665 0.16597489745537003
0 0.05214458106002788 0.6372956569744909 0.10428916212005576 0.2066586860510183
0 0.4840089729116948 0.02486542455212999 0.2194820541766104 0.04973084910425998
0 0.1388202500045092 0.928537228699167 0.08467040653397531 0.08054595391148141