0 0.4552818767580207 0.14863649524474365 0.2938783067888089 0.2972729904894873
0 0.5867722503927835 0.2319753604246447 0.1367283612399266 0.14226889081820956
0 0.7862950065411035 0.3046914607150949 0.09899201190385672 0.09989730024766903
0 0.7832831151487516 0.4196443726257537 0.07073065651766228 0.07514985731976367
0 0.538006455704223 0.5591585986378205 0.08014201795398072 0.08183650496239885
0 0.43360478113438383 0.6491543600103599 0.10082722267624522 0.14684507485477488
0 0.2441195794371816 0.7306163374701686 0.21849651170746495 0.2351156703877141
0 0.5118514592202643 0.8930991050479612 0.17596357806243948 0.17377575599585598
0 0.689277022451981 0.8707766871414464 0.1963033491396784 0.17940932588823238
0 0.05664867359738537 0.6042658149299773 0.11329734719477073 0.15062504631872747
0 0.920943238194339 0.11721923180754415 0.0850295058537327 0.11642982878371626
0 0.9510160366935286 0.31810748966542696 0.07713519262201593 0.10200345574818695
0 0.9528724107210749 0.6702693031476624 0.07701701795398108 0.08169095574818712