0 0.9573288396601829 0.20736617679817576 0.07278359456891863 0.17728975334181776
0 0.83179415848544 0.6311934807844946 0.2889069364364147 0.4296351453691802
0 0.7237332165755919 0.8299533187062254 0.39832816809115046 0.3400933625875492
0 0.4912021666602964 0.9177067626909533 0.38326606826055976 0.16458647461809334
0 0.26620914291218595 0.8521101293761799 0.28605641026922984 0.273457870703362
0 0.356862047919744 0.5842328333863612 0.2596003260824803 0.24816696936663477
0 0.6568928690229011 0.6408850120941775 0.33949919966118147 0.3599589920432706
0 0.811956884525568 0.34092246944617666 0.29763094710093296 0.28452264003818006
0 0.4909009318806147 0.323114614735815 0.15212248407380996 0.14542268268618094
0 0.8459964975103385 0.1591639394493583 0.2680806840173403 0.20610673870145294
0 0.21118958702934704 0.19946584003022588 0.41199582594130596 0.3982771520528158
0 0.16882705275789284 0.48877324069063527 0.3376541055157857 0.44629648138127054
0 0.179871697595043 0.7233482353596352 0.359743395190086 0.4935714707192703