0 0.12417824812590021 0.2831344119159093 0.20170790041956285 0.19295569279472174
0 0.4004349400373119 0.18155650620169916 0.15064230788809568 0.17743834138279593
0 0.6289608365081826 0.27589885424841265 0.18309961037760658 0.17370558762187222
0 0.7497460105734548 0.3248257507249158 0.1530802236549981 0.14788723370266404
0 0.7923432945921265 0.5789653329365118 0.30270356058738807 0.27072900329870536
0 0.5855739989510929 0.4868219823825157 0.27107505228901835 0.285399257059629
0 0.143469009324055 0.4935323543149196 0.2689438672260838 0.25727425705962903
0 0.35246457841030543 0.535630240762293 0.21536858133331238 0.22921144154108042
0 0.544057314713351 0.7040633066765528 0.14046182448483507 0.14596102084968265
0 0.5696950095245477 0.7893703208623177 0.18478050954776962 0.17531355172849494
0 0.7167233748765317 0.8226183930447839 0.21335579544054095 0.20264894154108043
0 0.588820749976778 0.950021698204998 0.14481743776222675 0.09995660359000383
0 0.3040807423031082 0.84349656505633 0.23880608133331246 0.2298934031404208
0 0.40878300414918484 0.019724095935142454 0.0605589917016303 0.01735263605166188