0 0.31403760799773195 0.6856270711779885 0.07115080290255768 0.07155134783255335
0 0.26307530872337137 0.6663385603035736 0.05498016587924912 0.05528967787060921
0 0.6447419378573136 0.9590499837255587 0.0857043762235353 0.0819000325488826
0 0.3486953170760739 0.9029710800752373 0.06664684137714509 0.12129667984777584
0 0.5066467486492376 0.59176827771751 0.09055556733052797 0.09106535178688588
0 0.4217261116259291 0.6039552599230127 0.07104167549789597 0.06842634783255334
0 0.3642534067239384 0.5022534970714315 0.08737600362819702 0.08937551779449712
0 0.357415651999433 0.18277132661519602 0.059831356986241604 0.060168178859192525
0 0.8147519476455966 0.3046780904925415 0.10510914065150559 0.10570085475263546
0 0.6609001951137078 0.7897322283255322 0.05042164065150558 0.1034725098858317
0 0.7033034607228045 0.8524842377170725 0.05336310217691818 0.05366351087441501
0 0.9406620730665235 0.9849479333449978 0.05363592068857272 0.0301041333100045