0 0.7558114435866085 0.12775233713522777 0.27823764285525987 0.25550467427045553
0 0.8816023762161682 0.14807379294042083 0.21779897483619665 0.2265302208490433
0 0.9143955109570486 0.2835716771836402 0.1712089780859028 0.24925508930724707
0 0.6483530941525061 0.4502333453453778 0.39031272321134336 0.45198378910960313
0 0.7860558713449044 0.3194321244257473 0.2797728693163096 0.28945442605424543
0 0.8058400860348313 0.5568033218090289 0.37356950811437956 0.3870112364928845
0 0.5586043960983754 0.7745346663073607 0.3989513376596843 0.41034232067963394
0 0.30000887174864616 0.6550845292215438 0.5867628035674272 0.6179559415569124
0 0.29246773822887717 0.23916121053746112 0.5380604764577543 0.47832242107492223
0 0.7960731684195098 0.8037161191640754 0.26151379301741573 0.3164873629141834
0 0.8989623891985167 0.8290052745245692 0.199485351459402 0.2504381577089809