0 0.075 0.41171875 0.053125 0.0765625
0 0.16171875 0.30546875 0.07421875 0.240625
0 0.3765625 0.334375 0.10546875 0.1765625
0 0.52734375 0.53515625 0.0859375 0.08359375
0 0.6671875 0.6515625 0.0796875 0.16015625
0 0.70703125 0.5828125 0.05546875 0.1015625
0 0.78203125 0.61953125 0.065625 0.1015625
0 0.75390625 0.52265625 0.04453125 0.08046875
0 0.80546875 0.478125 0.046875 0.0921875
0 0.87734375 0.4359375 0.0734375 0.13671875
0 0.9625 0.33125 0.075 0.1328125
0 0.81484375 0.17421875 0.0796875 0.121875
0 0.06640625 0.1171875 0.10546875 0.2078125
0 0.2828125 0.08125 0.14375 0.1625
0 0.35859375 0.03984375 0.0453125 0.0796875
0 0.41328125 0.0265625 0.05703125 0.04296875
0 0.534375 0.103125 0.17890625 0.1359375
0 0.52890625 0.0203125 0.171875 0.03046875
0 0.95546875 0.55546875 0.0890625 0.3078125
0 0.88359375 0.7421875 0.078125 0.3671875