0 0.15259719398472799 0.1080217854976659 0.09643974267981754 0.09964831050398355
0 0.06714095198122813 0.3550308293086021 0.13428190396245626 0.1649383413827959
0 0.10746541263527418 0.228044780483101 0.10588746801399936 0.10617109514371963
0 0.2888608633036377 0.21027094411486996 0.10592383068109026 0.10929609514371963
0 0.22440691728995654 0.31289349043308856 0.14780224801081765 0.083961126022532
0 0.06389722597072862 0.49650527546853607 0.12779445194145725 0.1382394490629279
0 0.2433279979312759 0.49899847499368233 0.10276246801399935 0.10608016693047428
0 0.15829846992363988 0.5577035367513071 0.13437609468490824 0.13823944906292773
0 0.263403593252731 0.5858847095542762 0.07271134134309047 0.0739663489046432
0 0.3358780299172765 0.5993956285963215 0.07111247867599957 0.07079588479802065
0 0.42417001261141163 0.39455135273207403 0.16281017735518083 0.1656203029821362
0 0.5288831425843674 0.5906558114284204 0.07271134134309047 0.07396634890464338
0 0.6441745246260473 0.28037387780489864 0.1059056493475449 0.10773359514371963
0 0.5782864426320925 0.23777485233636267 0.07271134134309047 0.07396634890464338
0 0.7907682612985469 0.23315423383567796 0.21497266136218052 0.2186831185006847
0 0.7467904472867749 0.3211232467678017 0.0648079346753633 0.06592652837152997
0 0.9083819279519567 0.3273552117323542 0.14533177601845396 0.14012019780928667
0 0.8367876439370029 0.4395573465303748 0.088518154678545 0.09004598997087002
0 0.6831081132638668 0.4916690789793977 0.07272952267663584 0.0755288489046432
0 0.7610512999284124 0.5050208736482636 0.08221361067790874 0.0851766335443795
0 0.9170740332590943 0.5200057129859955 0.1549794960216353 0.1638304824490227
0 0.9490063806095026 0.39333791290685316 0.09362382535009033 0.12611988229073826
0 0.9530740732415952 0.6478208244270511 0.08065220536281678 0.21946070533113407
0 0.900238879893414 0.7586961399455996 0.18017949069063519 0.1817454081549858
0 0.735204773233641 0.7127340852476038 0.16115677068745365 0.15776233887551355
0 0.8356122112110512 0.8761624362638181 0.19442380402608989 0.1977795851145899
0 0.3795082092218688 0.8097731874509524 0.14166133601209036 0.09315426959604131
0 0.5451417525461875 0.871337510095637 0.19440562269254436 0.1962170851145899
0 0.7264821118714605 0.9254159416740946 0.18561133068109026 0.11161476458147632
0 0.23438661322409593 0.7975950993668617 0.11380905601527207 0.11577341567683312
0 0.18170760323841345 0.6936948610453443 0.13435791335136277 0.1366769490629279
0 0.41088602589914097 0.7307616373718101 0.0648079346753633 0.06592652837152997
0 0.9472926233290911 0.017929016759554432 0.06478975334181776 0.035858033519108864
0 0.9746994606540461 0.06457641541413564 0.049364748010818006 0.08109688730530311