0 0.9239697394499885 0.22870987193608575 0.12600121266133185 0.15406441567207613
0 0.7067510117711228 0.19843635593930867 0.12085006249917604 0.12722889988706054
0 0.711393647322782 0.15602134278512905 0.09694891233702041 0.09930132096198277
0 0.8086407942385267 0.17377101393063848 0.05882162094116268 0.061179694681858396
0 0.6934367597425279 0.29052514540184754 0.15366256249917604 0.12914001038216938
0 0.7874731319015066 0.26865857970153656 0.06682503571381489 0.07257222099021768
0 0.8482060803593789 0.2768281244963345 0.08107845048646745 0.0843287683452643
0 0.8358230827950109 0.36027766132803746 0.12715460957707697 0.13071792093374784
0 0.8000298587695933 0.4435297770848181 0.1335137037328785 0.13733194198043536
0 0.5172604488682048 0.6363822189240791 0.16876145697928918 0.18933405773721593
0 0.6089627536567432 0.5693851637471118 0.10432503571381488 0.0747563472703419
0 0.7152127536567432 0.563196805953426 0.05087275324641087 0.05291216837349921
0 0.7309701672115796 0.5099885059675435 0.09859323295387146 0.1040798262236546
0 0.6512474853927988 0.4272207795744797 0.19236259821299112 0.2000741366622938
0 0.5774259760573079 0.27464878739640025 0.20823306006354408 0.21504668927901224
0 0.477313333202048 0.5552001083583831 0.10969437418757337 0.11409186305535748
0 0.41190256737373543 0.5020365819794367 0.08833757142762995 0.1425052893919517
0 0.29855708766627487 0.5570264608198098 0.11287392126547413 0.11739887357870131
0 0.40075478734196335 0.6041451135494678 0.05750458279171564 0.07515118942018653
0 0.3294859391289722 0.7971663424321932 0.11287392126547413 0.11739887357870131
0 0.456979693593199 0.7811556636059375 0.06995003571381489 0.07275423151356133
0 0.31686498255342493 0.6706871424180758 0.08425799756436803 0.08763577886860804
0 0.34729677638491474 0.7157420371846388 0.07787162986961631 0.07945925782192056
0 0.22301557102718342 0.6371304607492225 0.08584777110331832 0.08928928413027996
0 0.14728491396516877 0.5939334685711433 0.09503185633066598 0.07889781570031093
0 0.07180189854389327 0.7153982158697202 0.10481595941492108 0.1028813472703419
0 0.03096976177112281 0.5182648816123834 0.06193952354224562 0.08534523677523324
0 0.1566168238665572 0.41700694752445583 0.07935230925276526 0.07486276308359248
0 0.4877907317393507 0.3126485873116957 0.1256193831160271 0.13218941567207612
0 0.39358103571711023 0.3891571503811707 0.12441143912238158 0.1524109104104042
0 0.5062253116916926 0.46376376627912574 0.12268529788867966 0.14294490514873245
0 0.34097996144681125 0.27281108453968544 0.08506829545304759 0.22348227360693612
0 0.41337315868686775 0.23893734250278037 0.162184174511885 0.1702200366905286
0 0.4797209074690517 0.19370887151256272 0.09379663879807013 0.09755681043863906
0 0.1751680008140742 0.33788088964606555 0.17328531574558706 0.1802320735222315
0 0.2676185535740177 0.3621535765765905 0.1255921095770768 0.13062691567207613
0 0.47105106534184527 0.10914415571342972 0.12085006249917604 0.1272288998870605
0 0.35507723782513534 0.04643830033881841 0.0890000446422687 0.09103379465362355
0 0.335472075488115 0.14123486084804465 0.0944784772718286 0.13661931043863912
0 0.23787432670593098 0.1882834370716993 0.13674779788867958 0.14376395250377905
0 0.1252788693196048 0.20030456591207244 0.10648755357072241 0.10922235253201391
0 0.7554590673704402 0.023072542411017055 0.2278989034085665 0.04614508482203411