0 0.41543666846619487 0.057593229312546415 0.21837333693238978 0.11518645862509283
0 0.32491933485779734 0.11898362062382015 0.13615283278320495 0.128035188017181
0 0.4214032485501075 0.09205694661045713 0.11598204274124875 0.10906701201463569
0 0.5028452705454318 0.23811378660091212 0.21605566556640987 0.25541584802672607
0 0.7230286385967082 0.2957610125716407 0.2135925937808672 0.20230902936027145
0 0.2677472975151335 0.19002337396563793 0.16723781203728053 0.16742495202099902
0 0.3011652939906485 0.2905046319621381 0.2304015854824973 0.21811584269572598
0 0.20494241204192493 0.35183357797581927 0.11430114357108563 0.10748633068109026
0 0.16303313487173055 0.6862091253182735 0.2136876821631494 0.22416584802672618
0 0.23266743818643407 0.49069608330681935 0.22007939212119307 0.20550675469445334
0 0.4051577448251299 0.476177955283275 0.2841652029090739 0.185957870703362
0 0.5658244029183626 0.553284253262276 0.26726296805592076 0.25132833203372584
0 0.6722421915104263 0.6677729199156857 0.18932629958972597 0.19109880935708984
0 0.3161096680652096 0.6218728106301835 0.14443892946385706 0.1343760946849084
0 0.3830263261584423 0.7000699886219112 0.16977081618646536 0.15964881468808995
0 0.2878923475290666 0.7551307533020469 0.25705917386477967 0.24028174403245312
0 0.5665869552073809 0.8316456105983668 0.36837702739390893 0.32899989337999785
0 0.5896827583215917 0.9197359565961396 0.2096854211654872 0.15074652936027136
0 0.70711040851744 0.44686043590868607 0.11167305103961844 0.09340564934754489
0 0.8717733306083663 0.6598951432209142 0.25645333878326754 0.25448969470081656
0 0.9717271703402947 0.7757099525382332 0.05654565931941065 0.22156701201463563
0 0.8510198935710858 0.37769117055223256 0.2979602128578286 0.3536544480426344
0 0.8466115390162712 0.48198831922345964 0.17000761452679142 0.16277381468808994
0 0.7380239087179327 0.16900234929981972 0.4885478174358653 0.33800469859963944
0 0.23027279213977064 0.9544136853119103 0.14725535352912936 0.08913632001909022