0 0.8689092026485803 0.5341987966576538 0.17623873226282818 0.1714087524470708
0 0.8660929742432636 0.38527022333667615 0.2678140515134729 0.2733383293962454
0 0.6783075817368043 0.37016112242570226 0.35061457587670813 0.33807544119181066
0 0.5902439821059444 0.5110440719702153 0.44049670110742073 0.4269593811176769
0 0.30590855490033364 0.5460292294967619 0.36089074182355196 0.3524653234057958
0 0.6462493599575507 0.7251958520072822 0.19442752775932134 0.18763395317271012
0 0.8046335564414931 0.679732040667204 0.31125168722776025 0.3320238486335391
0 0.3710062214654864 0.36444935808254997 0.3409391872277602 0.3330605589778254
0 0.16088714913252256 0.5189905582600353 0.27531418722776013 0.3307688834799295
0 0.30417938077704176 0.8733829031805593 0.12876295496493206 0.1603968413771451
0 0.9787245797342194 0.1534795315967114 0.04255084053156111 0.09555060217691821
0 0.6433261027131787 0.1419642005560034 0.259370209745294 0.25226193756361354