0 0.7314566166026799 0.6235717099463685 0.0597386143631848 0.06665190445914604
0 0.7739844841873185 0.5507951276470662 0.04237839754067192 0.03576253737886681
0 0.7266140596174793 0.4623610583372142 0.05049996974937905 0.08943384059717552
0 0.5524423240554187 0.8609521056034382 0.07549996974937905 0.09118201089576346
0 0.4248940409761273 0.8168911131450066 0.10058178298109546 0.10699268119435104
0 0.37712013718893944 0.927566533191493 0.040870439695149675 0.045028276735205
0 0.3491855138487643 0.8240919719274125 0.05187157220870695 0.05673060124083733
0 0.2792406525106417 0.7481361232844653 0.04243293969514968 0.04513753737886681
0 0.4286906857863248 0.6640938950759919 0.08015110831306042 0.08525979282674853
0 0.3823878575274936 0.6249332060879708 0.03616475897699054 0.04157549480421992
0 0.22846797198887417 0.6118272826872898 0.08800906010845858 0.09361859604505725
0 0.17795540846257002 0.7886904314464526 0.03935339149054777 0.05273151609154336
0 0.15573951999708435 0.7285670324351883 0.0440136204133089 0.048371798022528625
0 0.13779752019347608 0.5976776653549092 0.04714771077238851 0.05015281930985207
0 0.06882935157556525 0.5553701970337929 0.039307939695149674 0.04491901609154336
0 0.10939526424154773 0.5480547237689979 0.04401362041330894 0.048371798022528625
0 0.0840180143397436 0.48146280347041015 0.04714771077238853 0.050152819309851895
0 0.24953393003078822 0.4742944316985541 0.11291815651766246 0.07974176634364483
0 0.16284245110802703 0.4729179659753278 0.07387383723582164 0.08013525025210164
0 0.3077509510098312 0.5478683255140384 0.036137487899751616 0.03688799480421991
0 0.17188110782208116 0.41576102983729823 0.054932939695149674 0.04601162252816078
0 0.07503792407885984 0.41445561993027064 0.0830124878997516 0.04016581411407198
0 0.1715442436552882 0.22362816015912915 0.051871572208706994 0.056730601240837245
0 0.21737891842151907 0.1823200991471503 0.06444429508134393 0.07010468639013112
0 0.25309422550491556 0.2808722136295393 0.06758747579950324 0.07344820767745457
0 0.6112334575509347 0.22782253134990751 0.0597204336450254 0.06352690445914595
0 0.5346265475172309 0.48329699916682073 0.0801511083130606 0.08525979282674853
0 0.6007282704880637 0.43559682652244447 0.08172269867214013 0.08693155347041018
0 0.5861986587571575 0.6227854700858272 0.04251475292686635 0.05920003737886681
0 0.051631198573944256 0.14964472091900638 0.0708215601084586 0.09241672896477811
0 0.08542896077238853 0.05282970507956456 0.07070338544042358 0.07210422896477808
0 0.05835844242562419 0.23211301349365332 0.052035198672140126 0.08485560124083724
0 0.10099591520006526 0.31240680087252015 0.06128293364502548 0.06363616510280767