0 0.29417044714798124 0.14453125 0.11121602570316255 0.121875
0 0.26076503954332697 0.1875 0.13165585969555132 0.125
0 0.4051079471479812 0.14453125 0.07968218281352524 0.0765625
0 0.41064963441013064 0.2421875 0.09224584980971962 0.078125
0 0.5058175543720747 0.2578125 0.06185801285158128 0.0609375
0 0.2995131576418353 0.35234375 0.05041117688202616 0.0484375
0 0.06179032315515491 0.346875 0.043906508897248564 0.0421875
0 0.13480601190017913 0.4515625 0.045469008897248565 0.0421875
0 0.24877566999912498 0.4109375 0.1332820266917457 0.1265625
0 0.2162616003411922 0.47578125 0.04553267589344294 0.04375
0 0.17917543581645576 0.4859375 0.05854201186299805 0.05625
0 0.23084802376317723 0.5078125 0.06364600593149908 0.028125
0 0.20946511368706505 0.5390625 0.07480368182494201 0.071875
0 0.24206670805957717 0.59140625 0.07649351581733077 0.075
0 0.21488212555006317 0.5953125 0.06029551285158128 0.0609375
0 0.183122789580508 0.5828125 0.05873301285158128 0.0609375
0 0.19166480144350612 0.6390625 0.07630251482874764 0.0703125
0 0.3075670326604258 0.55 0.07317751482874764 0.0703125
0 0.34812570707099405 0.58671875 0.051464340912471054 0.0359375
0 0.3083602115196183 0.6078125 0.05366351087441492 0.0515625
0 0.30896238939022763 0.6609375 0.07161501482874755 0.0703125
0 0.3754031314815622 0.6234375 0.07349584980971961 0.078125
0 0.3682896739534577 0.4296875 0.09425401878308035 0.0890625
0 0.3677577747517604 0.5125 0.10075868676785786 0.0953125
0 0.45763335824985757 0.51328125 0.06342051285158128 0.0609375
0 0.42881729155767434 0.5921875 0.08443334980971962 0.078125
0 0.4789127920519659 0.59453125 0.1008860207602467 0.0984375
0 0.4862875988583174 0.46875 0.08060801285158128 0.0609375
0 0.495589661596168 0.37109375 0.06185801285158128 0.0609375
0 0.6022442268054764 0.28515625 0.07254084486680376 0.0546875
0 0.5038093157779622 0.70703125 0.08299818380210837 0.08125
0 0.5726176655876818 0.78515625 0.15611203163466153 0.15
0 0.5305734511394948 0.55859375 0.05528967787060921 0.053125
0 0.5482503824701453 0.628125 0.05854201186299797 0.05625
0 0.6049805435348408 0.6015625 0.08456068380210838 0.08125
0 0.6315204803026986 0.696875 0.14096719269935692 0.1234375
0 0.7182219842570313 0.715625 0.12033635771838505 0.115625
0 0.6932829926599883 0.75546875 0.05991351087441501 0.0515625
0 0.6866748484012068 0.86171875 0.0967423488211363 0.0734375
0 0.678945920036306 0.80625 0.07442167984777566 0.0625
0 0.7564660835724594 0.79140625 0.1008860207602467 0.0984375
0 0.839701689313678 0.89765625 0.15123353064607842 0.1453125
0 0.7731707639145264 0.85625 0.05210101087441501 0.0515625
0 0.5730726744477492 0.43203125 0.12327035672980173 0.1109375
0 0.6778291586304185 0.35703125 0.0991325197716634 0.09375
0 0.5993858236494465 0.34921875 0.04715884288963732 0.0453125
0 0.6702660094287213 0.43984375 0.06887201680591382 0.0796875
0 0.7214756823564146 0.46953125 0.05366351087441501 0.0515625
0 0.6957647110253268 0.60546875 0.05697951186299797 0.05625
0 0.7865104333449977 0.47421875 0.04553267589344294 0.04375
0 0.8364441077555661 0.5109375 0.08287084980971962 0.078125
0 0.7752293765386463 0.6 0.15767453163466172 0.15
0 0.8424487100367436 0.60078125 0.08787668479069169 0.0859375
0 0.778968483268448 0.7109375 0.10413835475263547 0.1015625
0 0.8656209076790164 0.74765625 0.18213070357377176 0.175
0 0.9437685057215344 0.909375 0.11246298855693126 0.1296875
0 0.9077168602642051 0.91796875 0.1235886917107738 0.11875
0 0.9807923325466952 0.82109375 0.038415334906609644 0.0765625
0 0.9389748360439171 0.803125 0.0975700197716634 0.09375
0 0.9393827767103362 0.73046875 0.12123444657932758 0.1640625
0 0.9713722060824109 0.58203125 0.04228034190105419 0.040625
0 0.9149922134967847 0.6171875 0.11545785672980173 0.1109375
0 0.8343709772997681 0.2875 0.05691584486680377 0.0546875
0 0.6813082801889678 0.53828125 0.05391817885919252 0.0578125
0 0.7047524614824372 0.2125 0.14154019566510634 0.1375