0 0.8502110583123029 0.5633328064068011 0.24204948050347533 0.22892738960884884
0 0.7965471423449078 0.8744827662287591 0.27483866971559473 0.2497853603878557
0 0.8993067960652409 0.7364078421206159 0.20138640786951817 0.2870944456152035
0 0.6112249489836035 0.8578424350635443 0.30256185062934443 0.2843151298729115
0 0.4272177245034127 0.8974671095770768 0.2408654888018452 0.2050657808458464
0 0.11340979793934072 0.5699773092527654 0.15956886722608385 0.2524546185055307
0 0.17930933030762716 0.6983029066549775 0.25104597220510566 0.24468875730360046
0 0.3147042238787128 0.8067757000794302 0.2739865647365729 0.25913308684890524
0 0.34940834275518184 0.677865495939515 0.20949708963168218 0.21119441882984216
0 0.5098839014684701 0.6642820572208751 0.31612744316081154 0.3004399253226639
0 0.7264677502237147 0.6704031923654972 0.25537827469461655 0.24008307792045153
0 0.9433868375570897 0.5372805953670268 0.11322632488582052 0.19784893912238158
0 0.5722842000092887 0.3860536915547183 0.16472811867597628 0.1557978068171333
0 0.4500064583076585 0.368314992286067 0.21527349295103004 0.2050535129856435
0 0.7655480253193165 0.3418339074624611 0.1882607070582587 0.17805463636243807
0 0.40393232863402007 0.14124793181548567 0.22665943361304192 0.12879102191409725
0 0.6336566400466006 0.2178179346548595 0.26906226639624686 0.25592626623205444
0 0.25867290851743996 0.4586012528393738 0.2572959722051057 0.24479785145940197
0 0.30644386722608385 0.25501833116686257 0.21347419461070408 0.2019012394466932
0 0.1607421261491535 0.32971654788867955 0.2961468298834199 0.3250580957773591