0 0.0390625 0.0875 0.078125 0.175
0 0.28046875 0.0390625 0.3015625 0.078125
0 0.64765625 0.1296875 0.05703125 0.0546875
0 0.68203125 0.0546875 0.12265625 0.08671875
0 0.82109375 0.03671875 0.0875 0.0671875
0 0.971875 0.05859375 0.05546875 0.0859375
0 0.24765625 0.22890625 0.05546875 0.08828125
0 0.3078125 0.17578125 0.08984375 0.14609375
0 0.30078125 0.2984375 0.0625 0.053125
0 0.5015625 0.2546875 0.0859375 0.165625
0 0.69609375 0.2796875 0.10234375 0.1328125
0 0.76015625 0.26953125 0.13984375 0.16015625
0 0.7578125 0.1484375 0.13828125 0.08671875
0 0.8765625 0.2015625 0.08515625 0.1328125
0 0.9453125 0.27734375 0.10078125 0.10234375
0 0.96953125 0.2328125 0.0609375 0.09765625
0 0.9359375 0.38828125 0.1171875 0.1015625
0 0.4921875 0.43671875 0.04140625 0.075
0 0.58671875 0.39609375 0.1265625 0.15703125
0 0.1734375 0.4484375 0.1375 0.2109375
0 0.353125 0.4703125 0.05859375 0.05
0 0.26875 0.54296875 0.11875 0.13046875
0 0.16328125 0.64609375 0.0859375 0.1109375
0 0.36640625 0.6421875 0.04609375 0.1078125
0 0.52421875 0.60390625 0.1015625 0.1609375
0 0.65703125 0.63046875 0.08984375 0.128125
0 0.75625 0.55078125 0.15234375 0.26328125
0 0.790625 0.40078125 0.1484375 0.1578125
0 0.240625 0.85234375 0.19921875 0.2953125
0 0.51171875 0.8703125 0.1796875 0.259375
0 0.465625 0.7578125 0.0875 0.08203125
0 0.37734375 0.39375 0.04609375 0.07109375