0 0.6867892663730248 0.6912345749391815 0.5688794705547207 0.6175308501216371
0 0.44676884023316016 0.6435066438282389 0.46897086847548375 0.43847371018321335
0 0.28529854396742654 0.6496015868430383 0.3648735190955392 0.3425976079202771
0 0.7685677881678565 0.26474233615566717 0.46286442366428704 0.5227759873105764
0 0.05091557903500539 0.4317363342107596 0.08896925684847723 0.08173178903121965
0 0.2027391107785919 0.39822946350286303 0.04140717261537983 0.05178066861791084
0 0.15301272053149856 0.3221255057555366 0.06063076929603186 0.05813975292686617
0 0.032366196573439185 0.3104153252337691 0.06473239314687837 0.08172269867214013
0 0.21341926949652454 0.22634082796424365 0.2176629419114117 0.11059310811666875
0 0.2998159429370969 0.3651856802271799 0.1478240385920638 0.116434041958086
0 0.37100662655013883 0.24054474941082482 0.1075775468904336 0.10058178298109555
0 0.5363831728158724 0.2344725322937245 0.30268024979950725 0.2844487646343312
0 0.24390244273660427 0.08192320745273884 0.06711756763635801 0.06130111436318471
0 0.40927898900233795 0.07585099033563851 0.09358682448483506 0.14266928903121973
0 0.5050767410769303 0.080316297419035 0.1804715178461393 0.15566925878059873