0 0.3796875 0.103125 0.159375 0.11796875
0 0.20546875 0.33203125 0.1453125 0.090625
0 0.22890625 0.5796875 0.11328125 0.1390625
0 0.240625 0.7109375 0.128125 0.07890625
0 0.46640625 0.83515625 0.1859375 0.21953125
0 0.4390625 0.6078125 0.23046875 0.190625
0 0.5703125 0.190625 0.19375 0.18515625
0 0.55078125 0.403125 0.1765625 0.1359375
0 0.65390625 0.640625 0.11328125 0.09140625
0 0.72734375 0.6921875 0.09609375 0.1640625
0 0.71640625 0.84296875 0.15546875 0.1484375
0 0.89140625 0.77109375 0.12421875 0.090625
0 0.853125 0.4578125 0.17734375 0.16875
0 0.0296875 0.284375 0.059375 0.03984375