0 0.04375 0.51484375 0.07734375 0.190625
0 0.090625 0.40546875 0.09375 0.103125
0 0.0875 0.50703125 0.0734375 0.09375
0 0.246875 0.5421875 0.21953125 0.1421875
0 0.35390625 0.7390625 0.1375 0.16171875
0 0.1453125 0.32890625 0.1375 0.1234375
0 0.24921875 0.33125 0.1375 0.20234375
0 0.28515625 0.21953125 0.053125 0.11328125
0 0.59609375 0.0625 0.25 0.11953125
0 0.425 0.2046875 0.1546875 0.178125
0 0.4515625 0.3765625 0.121875 0.24453125
0 0.56328125 0.509375 0.1625 0.228125
0 0.69765625 0.57890625 0.1578125 0.1375
0 0.56953125 0.246875 0.0875 0.125
0 0.66015625 0.28828125 0.14296875 0.115625
0 0.690625 0.1796875 0.1609375 0.20703125
0 0.83984375 0.425 0.19921875 0.3625
0 0.9515625 0.42265625 0.096875 0.22421875
0 0.49453125 0.678125 0.071875 0.08828125
0 0.7390625 0.78125 0.171875 0.22578125
0 0.8921875 0.93046875 0.21484375 0.1390625
0 0.471875 0.88515625 0.3140625 0.22890625
0 0.5609375 0.803125 0.1265625 0.11640625
0 0.17578125 0.81328125 0.34375 0.3734375
0 0.9046875 0.04296875 0.18984375 0.071875