0 0.54453125 0.13203125 0.1453125 0.0984375
0 0.64140625 0.09296875 0.0796875 0.0765625
0 0.7953125 0.05234375 0.08359375 0.0734375
0 0.82890625 0.146875 0.08984375 0.1140625
0 0.70546875 0.29375 0.16484375 0.1171875
0 0.76171875 0.2125 0.09375 0.06953125
0 0.7953125 0.25546875 0.06171875 0.0765625
0 0.859375 0.30234375 0.08125 0.11328125
0 0.434375 0.27109375 0.103125 0.14921875
0 0.375 0.2984375 0.12734375 0.146875
0 0.32578125 0.35234375 0.10703125 0.13046875
0 0.29609375 0.43828125 0.15546875 0.13671875
0 0.42734375 0.4171875 0.15078125 0.19140625
0 0.44296875 0.6234375 0.23828125 0.3328125
0 0.47265625 0.5796875 0.0671875 0.0890625
0 0.2296875 0.5453125 0.21328125 0.13125
0 0.11796875 0.575 0.15 0.19453125
0 0.2828125 0.65234375 0.24765625 0.2078125
0 0.0296875 0.82578125 0.059375 0.1765625
0 0.1171875 0.78671875 0.14609375 0.16171875
0 0.21171875 0.884375 0.2140625 0.11171875
0 0.27265625 0.7984375 0.196875 0.1234375
0 0.50625 0.72109375 0.09765625 0.1578125
0 0.459375 0.81328125 0.09296875 0.09375
0 0.5921875 0.834375 0.21015625 0.12265625
0 0.6671875 0.73046875 0.19453125 0.1390625
0 0.76640625 0.73046875 0.190625 0.08828125
0 0.65 0.60078125 0.35703125 0.2296875
0 0.5953125 0.40546875 0.07890625 0.0890625
0 0.72421875 0.39296875 0.1515625 0.12109375
0 0.57421875 0.3109375 0.22734375 0.15546875
0 0.671875 0.1859375 0.16015625 0.13046875
0 0.73671875 0.09296875 0.12734375 0.11015625
0 0.8828125 0.07734375 0.12734375 0.1203125
0 0.85078125 0.5 0.2390625 0.1796875
0 0.8390625 0.3859375 0.15859375 0.12734375
0 0.94140625 0.775 0.1171875 0.34765625
0 0.95859375 0.55234375 0.0828125 0.15546875
0 0.91328125 0.8796875 0.1734375 0.240625
0 0.7703125 0.87578125 0.1953125 0.10078125
0 0.14609375 0.3796875 0.2015625 0.05703125
0 0.02421875 0.9671875 0.04609375 0.065625
0 0.95234375 0.28046875 0.0796875 0.10234375