0 0.275 0.7390625 0.52734375 0.521875
0 0.3453125 0.4546875 0.5546875 0.1578125
0 0.34765625 0.30546875 0.30859375 0.27578125
0 0.69140625 0.78046875 0.465625 0.38359375
0 0.565625 0.08671875 0.06015625 0.071875
0 0.5875 0.228125 0.046875 0.03203125
0 0.66171875 0.18125 0.04609375 0.0515625
0 0.68046875 0.05859375 0.0671875 0.07109375
0 0.746875 0.23671875 0.08359375 0.1875
0 0.6125 0.3171875 0.0984375 0.12109375
0 0.725 0.38359375 0.0859375 0.08046875
0 0.7203125 0.5359375 0.2609375 0.1984375
0 0.8796875 0.26328125 0.0484375 0.05234375
0 0.89296875 0.41875 0.1546875 0.06015625
0 0.8734375 0.50859375 0.0734375 0.19765625