0 0.45461258529600174 0.25976337291897345 0.3607964280712695 0.5195267458379469
0 0.33494388060950264 0.3993155729512726 0.1470033640197263 0.15462454811738696
0 0.1784222552912292 0.2984911574658541 0.12471019334818116 0.11728523442229637
0 0.31590462130013786 0.22410482187153852 0.15648745202099903 0.1646003254152828
0 0.22927513594050275 0.4232618175526019 0.11193747334499946 0.0930466980251019
0 0.18376209392904871 0.5104905097176076 0.1471851773551808 0.17024954811738696
0 0.24432632924891298 0.6057541425064593 0.20387152936027145 0.2113542119047624
0 0.3679087325748224 0.6524813433093384 0.2260374306969986 0.23775602559985282
0 0.48226958255095986 0.8208029418604639 0.12371131468808994 0.16562260487264702
0 0.5000377905395059 0.903976387264672 0.13897268801718105 0.13537390036914018
0 0.6443695932129601 0.8447644686969344 0.1651362933640895 0.23697597316352947
0 0.8238121925525508 0.7872058852620871 0.2615214920432706 0.33527137569213805
0 0.7509917632081875 0.8730618445459559 0.13775563335454438 0.16496127081949083
0 0.8485865679105951 0.603722756792172 0.2795987827020891 0.27866043028792975
0 0.6255041512571854 0.5204350971668497 0.04107953333863605 0.04166586829088246
0 0.6366047359166401 0.5728091255444797 0.06008407200827222 0.06474242288667416
0 0.8438285319462299 0.3417234045404186 0.1485840453532717 0.1562871776670362
0 0.8491711072963198 0.21803558066629533 0.24976583203372585 0.26425796884459274
0 0.6853460593173188 0.09842774984772909 0.3026362933640897 0.19685549969545818
0 0.6655853532781844 0.36329442320044125 0.2845408213717254 0.3008358189368778
0 0.8723642539783647 0.1111752228589876 0.25414424936345303 0.2223504457179752
0 0.16476138665659137 0.07196583513289027 0.19235222668681726 0.14393167026578055
0 0.6646382819064589 0.6459567288759672 0.07271134134309047 0.0764809592838688
0 0.6927541912396862 0.6449356469822795 0.04589430267345414 0.052903756939830335
0 0.7280206239258671 0.4990328616648191 0.07111247867599957 0.07325582973421944
0 0.5747127159055043 0.6587454279808032 0.15808631468808992 0.16782545496493206
0 0.5705599232177325 0.8143643723052773 0.1540897053628168 0.226900066315984
0 0.41059676658977623 0.5396716602436313 0.2133737986950896 0.22289248920265833
0 0.28462515993000326 0.49700090376522627 0.1470033640197263 0.15462454811738696