0 0.4472995142034595 0.15023293260428167 0.372724028406919 0.30046586520856333
0 0.4486997418790299 0.5687886613233655 0.2120865373353727 0.34759210055371026
0 0.21013825365015268 0.3439643437707636 0.12241256249917613 0.12802247532299776
0 0.4725578019425741 0.7706119771779243 0.2289546631477993 0.24098115514950216
0 0.27511619155471834 0.5267279765596153 0.3576990462638265 0.37409164867109723
0 0.8636798595737816 0.5500167658914707 0.22319558684890559 0.2687056369509051
0 0.885396946829724 0.6291838317460294 0.10813187418757338 0.11462130937615385
0 0.7075798640380084 0.5686234708564027 0.1271818831160271 0.1330103639719457
0 0.7795353157455871 0.12054811382428739 0.11268300649282174 0.10710919802510181
0 0.944084785306778 0.4936783258859334 0.11183042938644405 0.14364747532299765
0 0.6227552560857846 0.23461751311369347 0.09700345941492117 0.10298290252860856
0 0.5291064419617555 0.3360379156423021 0.06043866801906326 0.06474242288667416
0 0.6985382804355138 0.36428642428017544 0.08565685633066593 0.07884449568106326
0 0.7066816116023764 0.6515861651808768 0.19491485389503396 0.16856593460686647
0 0.10498314934808159 0.36869183837209274 0.2010205779204517 0.2501163232558145
0 0.13357930234961118 0.6179210803525284 0.24959444561520336 0.26103283929494336
0 0.6808203153352548 0.7830759970745647 0.29888533360249453 0.2236119848837216
0 0.8937839654974106 0.7960208783222569 0.08582049756436802 0.08821949568106327
0 0.9680655762955986 0.880657891740492 0.06386884740880276 0.07698160703211557
0 0.07081011565956624 0.875351650987449 0.08049779788867958 0.1409439774824662