0 0.7721782757537552 0.08543073043943888 0.3462684484924896 0.17086146087887777
0 0.7720985274207453 0.07630471393109549 0.3026779451585096 0.15260942786219098
0 0.5556761730285984 0.033070370308102094 0.19177265394280313 0.06614074061620419
0 0.31962748953901843 0.153610842379798 0.1621168469752808 0.15629866689245614
0 0.2963490993911768 0.05759233548239302 0.11961061151914834 0.11206398801421238
0 0.45755856892631586 0.32218934475464717 0.10478283697334127 0.10195200361804461
0 0.3039715701342639 0.44070140660414925 0.26351959243335293 0.25496189620024123
0 0.12670653696364287 0.45204609961588715 0.25341307392728574 0.28965780076822567
0 0.1325735128768776 0.2217411239261467 0.2651470257537552 0.2690177521477066
0 0.014732824386327673 0.45383100689740496 0.029465648772655346 0.10483798620519007
0 0.06320163060494383 0.11765448948455041 0.12640326120988765 0.13031602103089918
0 0.5416952264929629 0.5589313489385187 0.10140274545807201 0.09866322930778501
0 0.5677318258841397 0.6306901622583588 0.0794321506088231 0.07728619629109837
0 0.858164346806103 0.27474562019656046 0.24250546182840935 0.283421088873295
0 0.8914402639156478 0.5818311018791947 0.1306434484924896 0.20910276232447203
0 0.7772187830014431 0.7231731541177584 0.11479556576151388 0.11025582654882307