0 0.8389086496959888 0.050112859682980584 0.20343270060802254 0.10022571936596117
0 0.7417763231179738 0.016168294380508673 0.06281301779449713 0.032336588761017346
0 0.8788240424718954 0.12953734490959207 0.22613005437207434 0.25907468981918413
0 0.8697819649052974 0.09485307996702566 0.10901685574121842 0.11479556576151387
0 0.49931295600804876 0.16714137876877602 0.1252148587069682 0.13013352333785919
0 0.9647867642972751 0.2475001057207809 0.038802514828747546 0.07324605242559432
0 0.5498117272254059 0.45657079846339454 0.060231845855386726 0.06409419303247788
0 0.7827502667315519 0.6446774789088588 0.08625051779449713 0.09113492515463033
0 0.7430391679104155 0.7211123042132705 0.19670253954332714 0.20293303667377885
0 0.692503315629238 0.8147824269423065 0.15129719764227278 0.15873675546001173
0 0.5329545606863221 0.8511658213422117 0.15617569863085592 0.16380689273291543
0 0.6004484668081016 0.895490035127475 0.11922484387822045 0.0595659318225902
0 0.9195671758190809 0.6693271793582024 0.10547536167271758 0.1425379284886102
0 0.938680637264337 0.8499714014784153 0.04916701186299832 0.06007637272903636