0 0.3410859672884209 0.4010966740170038 0.11999324879205205 0.11675148801421234
0 0.5482284007780011 0.516560142470655 0.15717425546001174 0.1529280054270668
0 0.45452645607853326 0.45478051673548603 0.09802265394280311 0.09537445499752568
0 0.5643622944290003 0.9064415140219525 0.10647288273097573 0.10359639077317447
0 0.6725896404861973 0.809756864542351 0.10309279121570665 0.10030761646291494
0 0.8171214062380129 0.6484022054518108 0.2822376415249675 0.2746126549066686
0 0.675013525633069 0.6856642673013129 0.07550992515463051 0.0864155348257091
0 0.7684453059287522 0.4846196664422303 0.21444410576927259 0.32084584577069997
0 0.664825840476499 0.5512483237237481 0.09295251666989941 0.09044129353213641
0 0.6258755554697102 0.37204882462825917 0.10583515394280311 0.09578389077317437
0 0.9024853371425191 0.5215320889888959 0.18667005000969822 0.2664925384437538
0 0.8217623981929272 0.2535091073062617 0.10816292848861017 0.10524077792830414