0 0.753049758071216 0.8349012908591122 0.3517508700597226 0.3301974182817755
0 0.8003195758911463 0.6058486144055145 0.07354790919430557 0.07690098960843983
0 0.754536256836945 0.6829849147738315 0.07336607123840296 0.06908848960843983
0 0.683768508736806 0.6249978161308843 0.09934799620027804 0.11302415990702759
0 0.6380215572737853 0.7036966164992015 0.17107883225631965 0.1788783888718058
0 0.5654945534740632 0.8047021056034381 0.18706750816812523 0.19559599530842284
0 0.31149673128572974 0.7495018813302371 0.13750261284152784 0.14377141535490914
0 0.485785603626563 0.630652964385844 0.18230727298576407 0.19214321337743775
0 0.31531010267663245 0.645251423904884 0.24030161094166685 0.20399835719292198
0 0.1466698586605561 0.6716778940675857 0.25080400626826405 0.2530914210548925
0 0.16490744633211846 0.4834184234006809 0.2766040932742363 0.2892145913534801
0 0.31990407085715317 0.5075164771231926 0.30058710714194464 0.31429100100840623
0 0.220791157578785 0.3375703278598269 0.04149782218833335 0.040340776735205176
0 0.34837129692145863 0.3566313203182582 0.08950021751493065 0.09205609604505716
0 0.4821475380877434 0.4073247250295058 0.15988675911805572 0.16717606436617344
0 0.5620909176467712 0.49091275721259253 0.15345492116215276 0.15892652179152655
0 0.5402678561920142 0.35757037948865167 0.0783445119678472 0.081916271539425
0 0.6254227997712503 0.2964468452118779 0.08473998233256949 0.08860331411407199
0 0.7040212316669795 0.3557614970731338 0.11991506933854161 0.1253820482746301
0 0.7895599945847572 0.4116615718308675 0.09909342306201392 0.10208665990702759
0 0.8514949905006948 0.32473500822099866 0.07990701196784755 0.08202553218308672
0 0.921296384593021 0.4641906281512694 0.15740723081395808 0.23959736758448216
0 0.5832690545209028 0.16090282912033455 0.125075348023889 0.1460223302056153
0 0.4361414410137849 0.2403121876506389 0.2957905043684031 0.30927571907742096
0 0.6379078820275698 0.46423527875201753 0.04774782218833344 0.04077781930985207
0 0.9613252386008335 0.7885786229554892 0.07734952279833288 0.17519637797604232