0 0.09133516669318059 0.18856374730070763 0.18077947469763495 0.2416225053985847
0 0.19647084607731463 0.5551457508251926 0.314573766709089 0.33606143486244183
0 0.05056745273708767 0.5153756236503538 0.09033519334818114 0.11612375269929238
0 0.07619361405949726 0.43289408775758237 0.08076019867918124 0.0982258576783142
0 0.04598794605345209 0.39061242199067986 0.0838670173456358 0.09690015601864026
0 0.10460842071131612 0.32126950352448497 0.08851815467854492 0.09413035352912935
0 0.21873510272117933 0.38534181368766574 0.2213135680299077 0.23688838382282337
0 0.2081783160407254 0.2844897087086439 0.16568063868554458 0.15149441286711748
0 0.36367433804104354 0.27505274127742296 0.2497476507001803 0.26558206888575775
0 0.5432896600493159 0.3224335362937567 0.2197147053628168 0.23364498465266034
0 0.4851766207033619 0.2337863560047071 0.18613858935390812 0.16553360207923679
0 0.43940323341022375 0.5336096798648423 0.26555446403563465 0.28239106058738805
0 0.406898721395588 0.42816516326810283 0.21655334269572588 0.2302831863123343
0 0.6312271067393148 0.48779658193479036 0.2529453760343621 0.2720688672260838
0 0.6869583913908155 0.37175626222384006 0.23394083736472596 0.2487730771841276
0 0.7531908240372256 0.2173871483217485 0.22445674936345322 0.23868768216314945
0 0.7727937046864991 0.12407150434967754 0.3830874093729982 0.24814300869935507
0 0.929016432686181 0.33051134250824526 0.1419671346276381 0.2375736228251612
0 0.22647761409926814 0.7147333157622582 0.26555446403563476 0.28239106058738805
0 0.3522145054503128 0.8357893317342977 0.36571809603754374 0.30403110747782164
0 0.3492162274426768 0.7797169304895423 0.1324317866804538 0.11150803029369385
0 0.55066909209895 0.6878217379534307 0.3955874093729982 0.3219056917109189
0 0.7548378767504508 0.5605334970769931 0.19756698535963507 0.20854989627037793
0 0.888596353437268 0.6989662671982175 0.11064769334818117 0.11766294191141177