0 0.15397064667136334 0.3777297050566466 0.23317138797200823 0.21978721247102043
0 0.14556891866668759 0.6152151176042168 0.29113783733337517 0.3366802352084335
0 0.30055853629375673 0.5529737386684745 0.3071794182657023 0.35364755931499053
0 0.25006867114226533 0.7946877588972485 0.4829382800932013 0.41062448220550285
0 0.5401716076550922 0.8704411284786315 0.37564415311885535 0.2591177430427368
0 0.7037973223870208 0.8264456611390575 0.30928544730999635 0.29921472729976806
0 0.6670230632634585 0.6188440667665454 0.43703378424238615 0.42280341901054186
0 0.7425469719813911 0.44951574661432103 0.483957251048907 0.48702242790779027
0 0.45731097945456833 0.26313660034119224 0.17121491701630234 0.1627440336118279
0 0.5380775726107354 0.15906586566423142 0.32384485477852926 0.2857888972617119
0 0.8461403715757614 0.07522801243165178 0.22021925684847724 0.08997237847863163
0 0.846765488377638 0.20142309790691532 0.25585187137526866 0.2518648834215475
0 0.22376477364570943 0.2426490509120335 0.23532588382282338 0.2276633794672148