0 0.1671875 0.12890625 0.059375 0.121875
0 0.0734375 0.36796875 0.11171875 0.184375
0 0.12421875 0.24453125 0.06171875 0.12734375
0 0.30078125 0.2328125 0.09375 0.0953125
0 0.23984375 0.33046875 0.13984375 0.0734375
0 0.075 0.50625 0.13984375 0.1265625
0 0.26015625 0.51171875 0.10234375 0.08515625
0 0.178125 0.56640625 0.1765625 0.07265625
0 0.28046875 0.59765625 0.08671875 0.05234375
0 0.35078125 0.6125 0.08046875 0.04296875
0 0.434375 0.415625 0.121875 0.1796875
0 0.5390625 0.609375 0.06953125 0.0671875
0 0.64765625 0.3109375 0.0703125 0.1125
0 0.5828125 0.2671875 0.07109375 0.06015625
0 0.78984375 0.26875 0.2203125 0.16796875
0 0.74765625 0.353125 0.05859375 0.05546875
0 0.9046875 0.3640625 0.128125 0.12109375
0 0.83671875 0.4703125 0.1 0.06640625
0 0.6875 0.5171875 0.06328125 0.07734375
0 0.7640625 0.5328125 0.08828125 0.07265625
0 0.925 0.553125 0.15 0.15234375
0 0.9671875 0.4296875 0.065625 0.18125
0 0.9625 0.6796875 0.07421875 0.20703125
0 0.90703125 0.7828125 0.1859375 0.15625
0 0.740625 0.73359375 0.14453125 0.140625
0 0.8421875 0.8984375 0.1703125 0.1953125
0 0.39609375 0.81796875 0.1359375 0.084375
0 0.5578125 0.8828125 0.18671875 0.17578125
0 0.7375 0.94765625 0.175 0.1046875
0 0.2546875 0.80234375 0.1171875 0.08203125
0 0.20234375 0.69921875 0.09140625 0.13984375
0 0.425 0.7421875 0.0796875 0.0375
0 0.9421875 0.04609375 0.05703125 0.065625
0 0.9734375 0.11171875 0.053125 0.0765625