0 0.40137401624206887 0.04777772405446633 0.055034729581580066 0.056542665879249096
0 0.42582343393541644 0.14313486407299977 0.18434526206571764 0.18434526206571755
0 0.4104886106144387 0.12959071924514293 0.05330853847458741 0.051800602176918266
0 0.3485416821213179 0.1028124536360463 0.10996033175849824 0.1099603317584982
0 0.34143851025161903 0.12339777214770056 0.07093254809323427 0.06490080290255769
0 0.2696205631541767 0.19473954800841622 0.08888393992586625 0.08737600362819706
0 0.23974706859647227 0.32484619945969506 0.08893850362819702 0.08893850362819702
0 0.13200897966639796 0.3755406586228549 0.05821429328391083 0.05821429328391083
0 0.10754718220613593 0.43662449156247946 0.08726687622353535 0.08575893992586625
0 0.15671136850380504 0.4333432349390575 0.09625993030721935 0.07514882213985138
0 0.2065402429132419 0.4714955101668011 0.08564981252120454 0.0841418762235353
0 0.461108658707673 0.1903992444728864 0.12774803248413757 0.12774803248413763
0 0.5826587656939146 0.24403762124457593 0.1390129146981227 0.13750497840045367
0 0.7219469549868087 0.20084563803479888 0.07707342068857237 0.061994057711881115
0 0.6603695926430895 0.3414458453838603 0.07712798439090349 0.06355655771188111
0 0.42168654935917865 0.2934622462869849 0.09820437622353531 0.08614088584218216
0 0.5024678126060225 0.38919884302160757 0.19828376569391465 0.27066470798203357
0 0.3426761503549705 0.4276314043616857 0.13583335099579194 0.13583335099579194
0 0.2289906509879427 0.5544072138876653 0.0728224303072194 0.07433036660488845
0 0.1570263709508758 0.5991592078972156 0.1477331502701525 0.1190823606144388
0 0.06862105834485326 0.19550098375793118 0.13069447241000381 0.2121230324841376
0 0.31989839318339436 0.5817385510036411 0.159980179126093 0.15696430653075472
0 0.19902538719294458 0.6594865834877787 0.24579368275429006 0.2457936827542902
0 0.16441726341647994 0.7436086123437192 0.22170141832631982 0.22622522721932725
0 0.3395710308396751 0.7195014458314979 0.37751988710812656 0.35339290634542025
0 0.5504117832019279 0.5525693730586745 0.09055556733052797 0.09055556733052797
0 0.5008160656860654 0.677889320789089 0.09378969473518968 0.0937896947351895
0 0.6184772808396751 0.7097618249654403 0.2555506286706061 0.25705856496827517
0 0.6248215392771956 0.8018401975607784 0.38894846042910436 0.3678373522617363
0 0.3268949599657681 0.8716914284083028 0.23609130054030497 0.23609130054030486
0 0.176966881835467 0.8565897619808995 0.17011907095872497 0.17916668874473984
0 0.8724380283077864 0.6221700226110368 0.25512394338442734 0.3548065842055689
0 0.8863864556197809 0.7815723044622022 0.22722708876043818 0.23770836424263564
0 0.6685740284774224 0.867581759449011 0.2858184820286507 0.2300248390148923
0 0.8249975770339928 0.39670872034145127 0.3342808077966989 0.4111855589778254
0 0.6674256684111379 0.5211060635326948 0.32626492195451673 0.3157093678708328