0 0.14897001794241174 0.41615286521971945 0.13724655601527208 0.11962418249628844
0 0.26211600262572915 0.2876416836279422 0.08377611067790855 0.0871525192218769
0 0.2564739826145933 0.3699185950933314 0.08544769867918127 0.09660940637700666
0 0.4167500533100011 0.14992924242522648 0.07783519334818116 0.11338747060135787
0 0.5233898572963198 0.24506027872127362 0.09803860534690845 0.10507700361804462
0 0.4487347552912292 0.28644991858993685 0.10750451201463562 0.11338082654882306
0 0.3870961792648213 0.4840928804848675 0.17383858402290803 0.17775758706427283
0 0.633162109922049 0.5406859599743666 0.09960110534690844 0.10515889077317428
0 0.6048387572804115 0.3579077594993968 0.086955654678545 0.09200379353213642
0 0.8350080626193659 0.30446409769532323 0.1896999413589988 0.1988889586155702
0 0.7723529739417754 0.38816739032294845 0.08695565467854482 0.09200379353213642
0 0.7999303445655956 0.7021546472203534 0.21179311736154424 0.21878537878738663
0 0.5711513639004137 0.703213615446862 0.09044428134945388 0.12341756784239592
0 0.2889837538988228 0.7297129969477822 0.15310791335136287 0.14075555404758583
0 0.30875026655000537 0.8426700203535307 0.3657726400381801 0.30024781999010236
0 0.35106503588482346 0.8295215671650273 0.08061474801081765 0.08386374491161738
0 0.5290985818746421 0.8951454879026708 0.1517635893539083 0.15942366689245624
0 0.6424889198759148 0.8798336691557637 0.13593859468490824 0.14141729534115868
0 0.77586723058564 0.5558495352799943 0.12803518801718106 0.1331953595655099
0 0.9322541379296851 0.46879551334458397 0.12527381468809012 0.16428158525525038
0 0.9397473699077317 0.6300229404138055 0.09484088001272681 0.09866322930778501
0 0.9307616265515961 0.7983601826118895 0.12051358935390795 0.15778592378986112