0 0.4160561814570916 0.11861487490628438 0.11214993145709169 0.1305616286090973
0 0.30363104714328515 0.22997256183600667 0.0761522472985769 0.07511040919430556
0 0.3830910339891055 0.22421156468579834 0.08754477360693613 0.0831774823325695
0 0.18649529700211082 0.3813376529260415 0.09581229991529536 0.09117182028847229
0 0.28951315216496065 0.4845516122728471 0.12853379465362363 0.09037303970326391
0 0.3220001574972196 0.4110407238801039 0.12328485253201382 0.1074150693385418
0 0.5077409654461971 0.34960899534725653 0.1803230787839034 0.17583906743868064
0 0.5888522704819901 0.5871076889264926 0.10086382096198285 0.09753092306201391
0 0.40821692051022496 0.5615842781166662 0.08928928413027978 0.08633884992375015
0 0.38056017029846345 0.7851860854873609 0.19842063140062188 0.19186411094166686
0 0.45522697035493315 0.723992705928333 0.10520271046687384 0.06486389342673622
0 0.7640328229575342 0.7473152242613536 0.20181864718563744 0.19662434612402785
0 0.7401725758001316 0.5256947973996174 0.10573333148532633 0.10076502583555573
0 0.7358743997458862 0.2504220404657633 0.12528696828879457 0.1417900693385418
0 0.8541939473126943 0.27707284660218684 0.29161210537461135 0.36632120991548633
0 0.8386878575819242 0.3098314484257979 0.08102175782192056 0.07834451196784728
0 0.9191727471574026 0.48444828229763814 0.16165450568519474 0.12765614057694458
0 0.9287027892154839 0.5970392012755894 0.14259442156903218 0.15341855357097245
0 0.9625271759836582 0.7214391360211103 0.07494564803268347 0.09095361474138883
0 0.6196079887707846 0.7256428588543745 0.11905237884037305 0.11511846656499998
0 0.5526388386013753 0.905568054617812 0.1830840577372161 0.1696618026210416
0 0.7086235280921491 0.8839443617041661 0.10582433674699843 0.10232752583555574
0 0.7549972701290543 0.954837436742291 0.19086719468185825 0.06217661094166686
0 0.8789738254471958 0.8940609780610757 0.14916408404557516 0.1766742156150695