0 0.5811924753085238 0.39296875 0.3709044151018695 0.3703125
0 0.37351685157556525 0.55078125 0.16345448770335985 0.1640625
0 0.3814788216195318 0.4421875 0.12100336729005097 0.11875
0 0.4633429417382532 0.68203125 0.18859084308955404 0.1875
0 0.5664204064194666 0.13671875 0.1084488251355733 0.109375
0 0.8899907583878154 0.428125 0.17130334913967857 0.1703125
0 0.7597043364502547 0.59375 0.141434041958086 0.1390625
0 0.8003237495090207 0.32421875 0.10529655405833438 0.1046875
0 0.19013918667008758 0.05078125 0.12715337334017515 0.1015625
0 0.21487310460062736 0.5421875 0.2655987706844554 0.2640625
0 0.06618964402463054 0.365625 0.12120335518980255 0.153125
0 0.06352877321853817 0.5796875 0.12136698165323564 0.18125
0 0.9608497216942865 0.790625 0.05868517447164336 0.15
0 0.6554536945669236 0.803125 0.3221760236113216 0.3203125
0 0.3467786522160541 0.9234375 0.16177381303532473 0.14375
0 0.17010654702625155 0.7703125 0.2938692164297293 0.2890625
0 0.6683556111417308 0.20078125 0.048701120413308985 0.0453125
0 0.7895811713483853 0.2234375 0.03619203005422911 0.04375
0 0.5404538458200286 0.3734375 0.15086358411256368 0.1484375
0 0.6420072554609491 0.371875 0.10820338544042354 0.0671875
0 0.5588175055591449 0.30703125 0.11472609621281223 0.1140625
0 0.5466043727509999 0.490625 0.08800906010845858 0.0875
0 0.6114026709556019 0.4828125 0.09271474082661797 0.090625
0 0.6566060866466465 0.4640625 0.08018746974937904 0.0859375
0 0.5290441680287357 0.4265625 0.15370678298109547 0.1
0 0.8258782614128772 0.41953125 0.0597204336450254 0.059375
0 0.721340752337691 0.4453125 0.07385565651766228 0.071875