0 0.5064295612310804 0.435125218902194 0.2959480598375791 0.2975733945717888
0 0.20474055868401586 0.49213359763454106 0.4094811173680317 0.43800128863937465
0 0.6084366563861199 0.11767028510995292 0.13623549352159509 0.13552187278026223
0 0.203125 0.2145159680690148 0.40625 0.4290319361380296
0 0.3764158983665554 0.15800498005005886 0.20117817550756795 0.20228303788306995
0 0.7347107433739367 0.7201511568818091 0.4395349784053167 0.45071980992669813
0 0.7591030667866348 0.88566154239942 0.08645673658176456 0.08693155347041
0 0.8092940314691743 0.9155950608367519 0.10925388648947951 0.054304723768997934
0 0.7833272324197116 0.17088167448596167 0.3971682032668891 0.34176334897192334
0 0.9375932302602432 0.09369682559091293 0.1166029164082694 0.18739365118182585
0 0.5177801804448133 0.07462366954228312 0.2769396391103733 0.14924733908456625
0 0.5160431955610917 0.34578956729303967 0.29558711443337093 0.3162141339281271
0 0.40949999229420253 0.7218928814071116 0.011538277297895938 0.010139824505632156
0 0.35511527607050347 0.8423582007169637 0.10122014342930993 0.09885239926336595
0 0.19074309300479647 0.8950729273359531 0.1571487708194909 0.14631726114786475
0 0.799633638962715 0.6658353614571706 0.17141152991878955 0.15042560694082036
0 0.6266793954411201 0.8039248593634836 0.12792234577334832 0.12716306956195353