0 0.871800124194164 0.84436959321296 0.22978077759614024 0.18701129336408967
0 0.9315978640478942 0.8194599525382331 0.11094895697928919 0.1809420120146356
0 0.8644979131543898 0.7257286812142327 0.15582508035608383 0.15646927068745348
0 0.8566014127473528 0.5516372005490509 0.21459215421934558 0.21182948002863497
0 0.9086623392878327 0.29873891987591483 0.13521257142762977 0.13904541335136286
0 0.8114094638824433 0.3662633218889596 0.190309174511885 0.16311926002545335
0 0.5962757930240061 0.6538649612508219 0.2598149253226639 0.29671355736790767
0 0.6925565036567433 0.5972871499045499 0.12882620373287815 0.13116018801718105
0 0.6065525941590966 0.4678456452498675 0.20195578652459395 0.20387152936027153
0 0.7178899200542487 0.801638295233959 0.18564103977100466 0.25367153469127146
0 0.8245812142861851 0.06453193061745681 0.20396257142762977 0.12906386123491362
0 0.6177817893672629 0.052387013964047116 0.18006142126547414 0.10477402792809423
0 0.685273252435632 0.07953076929504721 0.24820349512873605 0.15906153859009442
0 0.3264340405850789 0.09305691995545659 0.1873478157455871 0.1724578973583625
0 0.44767384090939044 0.0414773333068194 0.11715231818121907 0.0829546666136388
0 0.5010306659904684 0.027759731301728728 0.07293866801906326 0.055519462603457456
0 0.40033341639750547 0.1999876252785025 0.12718188311602727 0.12645450668363556
0 0.28023337621946365 0.2787131566279563 0.1101034772718286 0.1325045120146357
0 0.20372324350717824 0.09760915463877401 0.09088982710967279 0.10572383601209034
0 0.05872834334502246 0.12585342799172766 0.07471935633066598 0.07429202267663593
0 0.1359084521113204 0.13432845198122814 0.07488299756436803 0.08366702267663592
0 0.057779497971405115 0.2610278593252731 0.11555899594281023 0.1591942813494538
0 0.09050840300482485 0.2293687793205006 0.0492557061685102 0.04743862133990877
0 0.10234415544045683 0.3120267379853643 0.11920574188232513 0.11698860001590834
0 0.18345778774570515 0.3188938086410012 0.09064436525911974 0.09166133601209037
0 0.056253269685279106 0.603969337324955 0.11250653937055821 0.13733746268299923
0 0.1394957333642038 0.55529493264641 0.05246252678536121 0.052162484006999674
0 0.3556332021146157 0.6129239772835933 0.1923898717519414 0.1928249413589988
0 0.1141530397775953 0.709464811982819 0.13510347727182856 0.13279541335136286
0 0.2587524736249712 0.7038767886298654 0.07471935633066593 0.07429202267663584
0 0.6153046623436109 0.861413831914413 0.09050799756436803 0.08384883601209019