0 0.1875 0.44453125 0.06796875 0.08359375
0 0.1828125 0.43046875 0.10390625 0.046875
0 0.50390625 0.23359375 0.1421875 0.1328125
0 0.7078125 0.1703125 0.12578125 0.08203125
0 0.49140625 0.11484375 0.0921875 0.08515625
0 0.61328125 0.165625 0.06640625 0.07890625
0 0.91796875 0.240625 0.1203125 0.18046875
0 0.85703125 0.3765625 0.10703125 0.08828125
0 0.9265625 0.5109375 0.13359375 0.1453125
0 0.778125 0.53828125 0.0875 0.0640625
0 0.5859375 0.35078125 0.09375 0.07109375
0 0.70859375 0.39921875 0.0796875 0.08515625
0 0.5984375 0.55546875 0.14140625 0.125
0 0.7265625 0.63203125 0.1203125 0.04765625
0 0.69453125 0.80859375 0.18125 0.1578125
0 0.6296875 0.93828125 0.14765625 0.0828125
0 0.290625 0.35625 0.1078125 0.10390625
0 0.33125 0.2484375 0.13671875 0.0625
0 0.1890625 0.36171875 0.06875 0.07578125
0 0.159375 0.60546875 0.12734375 0.1296875
0 0.33203125 0.59375 0.14296875 0.11484375
0 0.35703125 0.4875 0.14453125 0.084375
0 0.30078125 0.79921875 0.24453125 0.1171875
0 0.4078125 0.834375 0.13046875 0.11640625
0 0.45859375 0.740625 0.1125 0.10546875
0 0.46640625 0.90390625 0.109375 0.09453125