0 0.40078125 0.2546875 0.26640625 0.1578125
0 0.59765625 0.1859375 0.3921875 0.14609375
0 0.6265625 0.29140625 0.115625 0.134375
0 0.4078125 0.4109375 0.3765625 0.2171875
0 0.2140625 0.5328125 0.26171875 0.27890625
0 0.15703125 0.8046875 0.3140625 0.390625
0 0.45078125 0.87734375 0.3234375 0.2453125
0 0.3875 0.721875 0.21875 0.17109375
0 0.509375 0.6625 0.21875 0.19609375
0 0.56796875 0.559375 0.215625 0.2109375
0 0.6703125 0.7328125 0.20625 0.27109375
0 0.92734375 0.8265625 0.134375 0.34609375
0 0.7328125 0.515625 0.1921875 0.209375
0 0.73671875 0.4015625 0.1453125 0.15546875
0 0.89453125 0.45546875 0.2046875 0.35390625
0 0.8515625 0.25859375 0.25625 0.19921875