0 0.8522267073761981 0.4012575537051658 0.14632473370266402 0.14715279691210803
0 0.9313649749271754 0.5580829617798667 0.13727005014564925 0.18180061542376222
0 0.9324825087089816 0.4235715525240395 0.13402331050398358 0.09989585099579194
0 0.8706323442192829 0.7655928722168202 0.2209443004748536 0.19034229092165802
0 0.6146741977427796 0.632562084290387 0.1446713054894186 0.1439732332097771
0 0.7412691046441241 0.8258532712210283 0.26612040815498583 0.18723713828925276
0 0.6766179197669612 0.7229167549789595 0.12573944906292792 0.1370684687818068
0 0.5686559702418148 0.8900967542611692 0.2583821159934022 0.21980649147766157
0 0.39536322274909724 0.8738690974524129 0.2176996285298145 0.13247522721932725
0 0.7171122583132703 0.263861702709374 0.16908027210332383 0.1245337524470707
0 0.6649550617576248 0.10751000978828287 0.15911423871722902 0.1038938702330856
0 0.5485835671679011 0.2119296365599724 0.1415463054894186 0.14386410580511527
0 0.4500073263391012 0.2841915277596322 0.11094952335696498 0.11157739546082901
0 0.45042721199505154 0.1913319051642939 0.09326191818411544 0.09378969473518964
0 0.4955625525864248 0.025890443638881294 0.07862510517284953 0.01991568511654279
0 0.6948772086298394 0.3848364016209148 0.15413723370266402 0.14742561542376215
0 0.5710221714828208 0.3929985872856118 0.1270746285298145 0.12931053248413757
0 0.45228053167023524 0.3623165277596322 0.07396634890464338 0.0743849303072194
0 0.39751046364440423 0.3307465800292177 0.08687552586424747 0.08888393992586625
0 0.8274887833195879 0.5166816570632105 0.1961716210079672 0.1972817716843643
0 0.8908789965682807 0.6835715459006175 0.1736146594086268 0.1730803798517325
0 0.6605168613080417 0.9079588660567343 0.18403533386094856 0.18408226788653154
0 0.3285882820659466 0.510186054168502 0.15946123119538153 0.1694643065307549
0 0.14275843065402083 0.453747537293461 0.19159176959604132 0.14717264427970278
0 0.2369727465682807 0.6607366364751543 0.2090807979675712 0.21178078130301117
0 0.42368548488979824 0.6134053126060225 0.106125631037097 0.10672620435383653
0 0.46553566725967865 0.7373983733131285 0.1318075926364372 0.13103672359113022
0 0.35308113136630137 0.7350322867453069 0.15923391066226814 0.1616518065307547
0 0.22111338050837154 0.893539212791357 0.08039820533113406 0.08085318511654264
0 0.35485789469413653 0.9273983302608858 0.1620406619159093 0.14520333947822833
0 0.06441475112062722 0.9263095288559405 0.0769094924781526 0.0682440577118811
0 0.3392216243731794 0.017309073405795718 0.04719324874635875 0.012574411069925674
0 0.0767600429530063 0.25086558475372306 0.11913775956691144 0.23205358656782166
0 0.0738623634861197 0.2585689573490614 0.10037573620994644 0.1236954495445131
0 0.29368913017916715 0.2763914075265466 0.17253554420664755 0.2432837524470707