0 0.8219427485268855 0.8721741928464191 0.21418643486244165 0.2556516143071619
0 0.8946870445921264 0.6201892558752101 0.14787435062934443 0.2901001121366006
0 0.7601810674126434 0.6539801118076245 0.3142097456503226 0.3110567403647444
0 0.5506508568298998 0.713940347809768 0.11082094606059663 0.10877370248167466
0 0.5305303788252239 0.5648801349365333 0.23544428299298623 0.23560899011264294
0 0.6254284817296534 0.5770137841998991 0.17443500539858475 0.1893788462971587
0 0.439242527995387 0.5569258872823217 0.18141871120744354 0.17898764951546742
0 0.3726918001912039 0.6889300041104993 0.0907685551888033 0.09027507475773362
0 0.9198846022797295 0.16328369201323972 0.08908765601864026 0.08860331411407193
0 0.7057862134825287 0.16951799447524377 0.17921759378086718 0.21147236758448215
0 0.1456029622331288 0.80546875 0.2912059244662576 0.3890625