0 0.6034955433659486 0.169244946022517 0.354669724904398 0.338489892045034
0 0.6324465697109505 0.035292046963823556 0.1263275468904336 0.07058409392764711
0 0.520787019296032 0.043644168724621055 0.1571990385920639 0.08728833744924211
0 0.316941814111873 0.15786376233850113 0.39325862822374597 0.31572752467700227
0 0.6468222587225771 0.3204548835640442 0.308598363076899 0.27633646668512435
0 0.3589330176456468 0.41662298889811655 0.26726296805592076 0.26435809839424207
0 0.6921967261537979 0.4737708482465838 0.245576299589726 0.20388167334809956
0 0.845966463282036 0.46845588526208715 0.30806707343592804 0.4119525940753054
0 0.8461526575803902 0.7575078932816517 0.3076946848392197 0.37893983497600664
0 0.6271585249183312 0.8586848712255432 0.30973388797200824 0.22976185533407262
0 0.5888395408903708 0.7363185178940554 0.39333040581814754 0.3890553146179411
0 0.33823588964561535 0.7547330606127716 0.3748405149463544 0.3707663895717985
0 0.1877576798880643 0.49903137800848985 0.30412435062934434 0.29937344848652714
0 0.17710175457339214 0.35840637800848985 0.3241301199253762 0.3581872439830203
0 0.46975304109086347 0.459764114747138 0.3916495066479847 0.3873926850682919
0 0.8078404238647796 0.1868845126522682 0.31925244316081136 0.314337114433371
0 0.624078301263333 0.7144342234772965 0.2396348755244535 0.24859339605020364
0 0.306359511622362 0.1475818946659276 0.19706702199532433 0.15879041640826924
0 0.6785305095477696 0.1276573118493892 0.21138963112353099 0.1426042119047624
0 0.44634681681116534 0.22339581817091067 0.15258331618646537 0.1668241594684389