0 0.3729946628971185 0.616597488454629 0.43071232465687537 0.41659677992499927
0 0.5979011310776393 0.4982745898214803 0.1718425516711113 0.21462701093324038
0 0.5809156124602783 0.6059408268619897 0.12631053970326392 0.13423688190398125
0 0.5187922464846183 0.34867583953865644 0.2014936840799308 0.21566183063166627
0 0.3650237344198618 0.8770859291237956 0.129435539703264 0.13451028397749987
0 0.08936323888517404 0.5231729513195832 0.15792421561506956 0.15259590263916642
0 0.20921853115388922 0.38006608322356444 0.15192878875333343 0.16298659849212935
0 0.14361694063253524 0.6433090855326385 0.1183525693385418 0.12730337672018485
0 0.7387177671892717 0.9870275656459253 0.1347399823325695 0.025944868708149472
0 0.7594568801277087 0.5389172966076837 0.3113791367772224 0.3141567021680549
0 0.9124964603904516 0.7515327482100909 0.1750070792190968 0.22040811922731454
0 0.9379572077312848 0.5387784699820353 0.12408558453743054 0.30992038708777764
0 0.3314351040078126 0.20442011720106418 0.3784952080156253 0.3839606457119437
0 0.6573053133546182 0.13625233492050798 0.1594867156150695 0.15273260367592564
0 0.8240833513486459 0.31786179429860956 0.3518332973027082 0.34454683119731405
0 0.2671661562476048 0.7928975653631014 0.05276263050895835 0.056073634213055355
0 0.146017201650452 0.7464340855326387 0.04476829255305557 0.04757762902925915
0 0.41262086056041714 0.6442337643736102 0.19200827488562525 0.14310332544786988
0 0.3100589050133339 0.6259048464658792 0.10872299620027785 0.11554567049962934
0 0.3876039831855908 0.708316096748703 0.1327060100679862 0.14103368605101813
0 0.41686998983510454 0.525317669039027 0.10236389342673621 0.11031136635259245
0 0.3505001074262851 0.5210703749767587 0.10686955547083343 0.1029089694628702
0 0.30317116574691017 0.5309634933556013 0.10396276101791671 0.11201056738935158
0 0.4293531124602783 0.5926808262963418 0.17329464247680554 0.14302541300675883
0 0.1256825985925699 0.5427233251650461 0.06711607123840282 0.06980394354388882
0 0.23545698888517402 0.5359544982565737 0.0863024823325695 0.09019435598499967