0 0.3759263398934071 0.8002410728112281 0.29590780076822565 0.3009993506293444
0 0.142561556988262 0.5563656313240236 0.285123113976524 0.35289373735195273
0 0.06495777815544673 0.31956529356644126 0.1068032779283041 0.10769594606059663
0 0.1428758175037116 0.13504950622377732 0.2673733649925768 0.27009901244755463
0 0.20708880370890165 0.06846473485315299 0.16707239258219672 0.13692946970630598
0 0.5712774564678635 0.06847362240095396 0.23869508706427284 0.13694724480190792
0 0.7426467661696592 0.15870078578091412 0.31243355947465296 0.31740157156182824
0 0.504961980439439 0.2683263767506315 0.3600189676606817 0.45526172075521315
0 0.544134023067064 0.20388444583688195 0.3613557383528967 0.36198531743586526
0 0.6434701232487782 0.5356295080746551 0.2663907191310198 0.2723056655664099
0 0.8637073801461831 0.5500668259115058 0.2241080438708206 0.3266845896316822
0 0.811685613976524 0.34001824230310823 0.35271772274906465 0.3753374224148871
0 0.7758079104493365 0.6088633306853906 0.299756497059324 0.37443685062934423
0 0.5357317870890166 0.6908633049650887 0.35009068973237767 0.35490652324472405
0 0.1868288743784023 0.44128416036831786 0.3736577487568046 0.44273840996733255
0 0.32513836160167486 0.24569008568298994 0.4340982767966503 0.4913801713659799
0 0.7855536454113311 0.7941020910583527 0.22363665309764613 0.22860228714217126