0 0.07734375 0.09609375 0.071875 0.18359375
0 0.1546875 0.36796875 0.309375 0.175
0 0.046875 0.2421875 0.08828125 0.10625
0 0.20078125 0.29921875 0.2046875 0.225
0 0.4125 0.10234375 0.17265625 0.19921875
0 0.24921875 0.1609375 0.21484375 0.103125
0 0.33671875 0.08203125 0.1859375 0.07265625
0 0.328125 0.04140625 0.07421875 0.05078125
0 0.37890625 0.4109375 0.128125 0.165625
0 0.48515625 0.2859375 0.18359375 0.17578125
0 0.61015625 0.4015625 0.19453125 0.38125
0 0.5578125 0.2 0.16015625 0.0828125
0 0.48203125 0.4734375 0.1421875 0.32890625
0 0.3921875 0.56328125 0.20625 0.20078125
0 0.44453125 0.5703125 0.13671875 0.14140625
0 0.1734375 0.54453125 0.30703125 0.16796875
0 0.22421875 0.796875 0.3265625 0.34375
0 0.38671875 0.73828125 0.1609375 0.190625
0 0.62109375 0.9375 0.37734375 0.10390625
0 0.84375 0.81328125 0.1484375 0.3734375
0 0.91640625 0.45078125 0.1671875 0.4546875
0 0.89140625 0.14375 0.2171875 0.2203125
0 0.7734375 0.44609375 0.134375 0.3953125
0 0.64140625 0.6859375 0.24609375 0.2171875
0 0.559375 0.76796875 0.28046875 0.26953125