0 0.7619666670705565 0.7921875 0.14692803262324466 0.1546875
0 0.7937989403022611 0.90234375 0.16379719764227296 0.146875
0 0.4329330830781677 0.7890625 0.27319605536065783 0.2625
0 0.8901261591618912 0.7546875 0.13002969269935677 0.1234375
0 0.7845315088972485 0.415625 0.43093698220550286 0.6625
0 0.5627254234591661 0.42734375 0.30903539627312887 0.2984375
0 0.34082254304054915 0.59921875 0.3740820761209044 0.3609375
0 0.1495409684397005 0.640625 0.26088173916276614 0.34375
0 0.175936394790254 0.29140625 0.3446147520143474 0.4046875
0 0.35192057463802967 0.35390625 0.3448110701894054 0.3328125
0 0.4041157915204933 0.196875 0.6144815830409867 0.39375
0 0.8041556007983027 0.0828125 0.2145612015966055 0.165625
0 0.9006340113687065 0.05390625 0.12626802273741297 0.1078125