0 0.22335293877814485 0.7873674877478123 0.18291023442229637 0.12751067021222226
0 0.3399921213824265 0.9149268304533678 0.2362750663159841 0.1568358007211806
0 0.21492107264673085 0.8702527229301733 0.1247973457733484 0.12147756933854197
0 0.5691382032761144 0.8815103459365968 0.23519223010335963 0.21297669794763935
0 0.5350483096899208 0.6100542264455551 0.15804993676633483 0.15345492116215292
0 0.6740841240033202 0.7776566876922216 0.22934274830195706 0.21908122758291687
0 0.5992726935585069 0.6912483686380202 0.1496366594684389 0.14389808320625014
0 0.8131838016703563 0.6277631776242354 0.273372152990034 0.2731517849536115
0 0.8501294964562558 0.45294436236975616 0.19286502775932135 0.18546864057694457
0 0.14241022671649892 0.6262137418318748 0.15784967766703623 0.15032992116215294
0 0.041080373228127846 0.5393157667175 0.08216074645625569 0.13699346656499997
0 0.1551872362772229 0.45117737424069426 0.1548248072166855 0.15181968597979179
0 0.2609248989848643 0.37148791460954833 0.11990958667404979 0.11824346656500007
0 0.1724829626799548 0.3517040511024304 0.10484579117755652 0.10229115824437507
0 0.012207851250460987 0.36102776576756945 0.024415702500921975 0.04763871941479163
0 0.2668595141934277 0.6318980845374302 0.1744759731635294 0.16631859707395852
0 0.3212442304171267 0.5136195568020135 0.1379982526208936 0.1327060100679862
0 0.3360355205149491 0.3923621526417011 0.1016416455887783 0.052291158244375066
0 0.32587807295127263 0.3317519609623261 0.10474566162790726 0.10072865824437507
0 0.34487748535437224 0.7899995656357289 0.22102960055371046 0.21108688962701408
0 0.4814379441768157 0.8866719310427079 0.1878771391103733 0.18067203780340294
0 0.8047321491417477 0.7231302290110062 0.2394186551495025 0.23023693313000032
0 0.5248860718715385 0.30605771067798565 0.1945276573089707 0.18706750816812515
0 0.5395958212532296 0.11303440929121482 0.16886632325581452 0.20051175911805572
0 0.7038214026854921 0.252747606670173 0.2857138618124774 0.173588196047778
0 0.5884701056478394 0.42159048527927034 0.13998225478036197 0.09062761284152784
0 0.6925079611387953 0.49015668769222165 0.14470932757475108 0.115700348023889
0 0.7323295296142478 0.38001796827742995 0.1746762322628282 0.1694435970739585
0 0.9339304048449606 0.28951633558427003 0.07984579117755644 0.10170927678548614
0 0.9134503192506449 0.42650784251812424 0.1276405459579184 0.19019120174736112
0 0.036302038095237577 0.20041692087781246 0.024718200184570126 0.06922277868534721
0 0.36227066008674774 0.04912521818052072 0.1848336798265045 0.09825043636104144
0 0.3769537237818382 0.0267592556995832 0.12421755243632351 0.0535185113991664
0 0.3128750300756731 0.2181622396476733 0.23609339605020363 0.22703919794763908