0 0.94375 0.071875 0.11171875 0.08671875
0 0.790625 0.38125 0.0640625 0.0671875
0 0.81015625 0.3203125 0.0609375 0.046875
0 0.88515625 0.3578125 0.07109375 0.0890625
0 0.8515625 0.246875 0.059375 0.04609375
0 0.890625 0.16796875 0.1109375 0.1015625
0 0.6671875 0.1296875 0.10546875 0.0796875
0 0.20390625 0.21875 0.3265625 0.24921875
0 0.334375 0.075 0.30234375 0.15
0 0.4078125 0.2140625 0.1453125 0.18203125
0 0.1140625 0.359375 0.2015625 0.0875
0 0.30625 0.5546875 0.12734375 0.0953125
0 0.11796875 0.715625 0.14453125 0.13359375
0 0.0796875 0.78984375 0.0359375 0.08828125
0 0.64140625 0.97265625 0.09453125 0.05390625
0 0.8671875 0.93828125 0.07578125 0.05546875
0 0.96875 0.96015625 0.0625 0.0796875
0 0.875 0.7640625 0.24921875 0.17421875