0 0.6171400893892371 0.17620962169026594 0.11154302000387943 0.11154302000387935
0 0.6292412187862331 0.09540603184198682 0.1188772878817268 0.08730829454968654
0 0.5112575248356712 0.3846282863839147 0.03874350666795969 0.03730855242559432
0 0.4057561792375163 0.16445969440960367 0.19422771637033698 0.19279276212797156
0 0.3484547648337316 0.4232448919840094 0.2508286606107628 0.1446420466757184
0 0.38137857726126556 0.33784939698497923 0.11661315727678297 0.11661315727678297
0 0.15688888922975763 0.35176914940087517 0.29123026212797154 0.2022630991013128
0 0.4393834274013485 0.6485155721396095 0.16380689273291543 0.1623719384905499
0 0.5471169526960618 0.8798767556291895 0.10309279121570665 0.10309279121570683
0 0.8606521337697458 0.5554976063974923 0.15223166394474283 0.15366661818710803
0 0.8716857443708104 0.6900957470043758 0.14579047424624464 0.11278652667183912
0 0.8169188828516619 0.7925831471541571 0.1283159318225902 0.12688097758022465
0 0.8875984314842345 0.8998054579147011 0.10235920970237729 0.1511476539428031