0 0.5445656507295094 0.7516865294889128 0.611764871231224 0.49662694102217453
0 0.7891763911866116 0.7076166811098276 0.3075883278894855 0.2943055938242157
0 0.821191536794465 0.660942577751783 0.27802837364711974 0.2948313834799297
0 0.8025520755942755 0.34220001223535357 0.3396991972845417 0.3250298041685021
0 0.8538752016572916 0.27974714145411383 0.23730777879787118 0.2731547909216581
0 0.5915184649932111 0.20163946650437206 0.46071307001357764 0.3759970818433162
0 0.7731508443902071 0.1265006011654279 0.2849483112195859 0.2078224568009072
0 0.5041784774110468 0.36938747249482184 0.676018303053814 0.6468254809323424
0 0.5339778055903963 0.4362401557972661 0.6455974794163926 0.6177183342903868
0 0.25748010997284465 0.7329241497219983 0.3206624127367947 0.2636012308475243
0 0.19018052391758739 0.58798118275429 0.26039459243335294 0.2505903101589517
0 0.0948028327212774 0.460014895460829 0.1896056654425548 0.28252979092165803
0 0.2282926133310704 0.3454489423729369 0.4565852266621408 0.4479266455456471