0 0.021875 0.6859375 0.034375 0.07734375
0 0.15625 0.7359375 0.08515625 0.046875
0 0.08125 0.9015625 0.075 0.0828125
0 0.1296875 0.884375 0.07578125 0.0828125
0 0.2515625 0.921875 0.06796875 0.084375
0 0.44375 0.446875 0.11796875 0.07265625
0 0.52890625 0.478125 0.096875 0.0828125
0 0.478125 0.3046875 0.06171875 0.20078125
0 0.5578125 0.2421875 0.059375 0.06640625
0 0.27578125 0.26640625 0.08203125 0.1625
0 0.31953125 0.165625 0.07421875 0.0828125
0 0.3796875 0.228125 0.08203125 0.10390625
0 0.38046875 0.1109375 0.09140625 0.0609375
0 0.48203125 0.12109375 0.1421875 0.1453125
0 0.7265625 0.28359375 0.0859375 0.028125
0 0.628125 0.47578125 0.0578125 0.06015625
0 0.40234375 0.5890625 0.13125 0.11796875
0 0.4765625 0.6328125 0.09296875 0.071875
0 0.36015625 0.353125 0.05546875 0.05859375
0 0.7140625 0.67265625 0.10390625 0.08984375
0 0.475 0.97890625 0.10703125 0.0421875
0 0.85390625 0.234375 0.165625 0.16015625
0 0.8875 0.14296875 0.06953125 0.103125
0 0.97890625 0.1296875 0.0421875 0.0546875
0 0.271875 0.4625 0.12109375 0.1734375
0 0.70703125 0.81875 0.05546875 0.0609375
0 0.9828125 0.7296875 0.03359375 0.1