0 0.13046875 0.53359375 0.24296875 0.40234375
0 0.59296875 0.56171875 0.321875 0.1859375
0 0.34296875 0.78203125 0.07265625 0.15234375
0 0.7953125 0.55234375 0.184375 0.21484375
0 0.53125 0.73125 0.3453125 0.26328125
0 0.621875 0.15234375 0.2265625 0.18671875
0 0.703125 0.13515625 0.0984375 0.09140625
0 0.621875 0.30703125 0.1109375 0.11875
0 0.1875 0.2046875 0.0921875 0.10546875
0 0.578125 0.0546875 0.153125 0.0828125
0 0.28203125 0.3671875 0.10390625 0.07890625
0 0.37265625 0.4671875 0.0625 0.04296875
0 0.41953125 0.3015625 0.06953125 0.08203125
0 0.7046875 0.31328125 0.12734375 0.16953125
0 0.35859375 0.91640625 0.2734375 0.1671875
0 0.60625 0.87890625 0.3171875 0.13828125
0 0.83203125 0.34765625 0.17421875 0.27421875
0 0.86875 0.1390625 0.0828125 0.0640625
0 0.96796875 0.05 0.0640625 0.1
0 0.85546875 0.965625 0.1265625 0.06875