0 0.772431433199716 0.5185082203549332 0.17723166394474282 0.1518340577372161
0 0.9010825916844469 0.5228911544428607 0.11996129788366652 0.13605786831702957
0 0.822734837891425 0.38225917819097116 0.13000597758022464 0.12575740514873238
0 0.8200884568274394 0.2926884439759867 0.1273911606107628 0.13182539462538861
0 0.7153058777300059 0.11397263879901946 0.18061175546001174 0.15514106826055968
0 0.5819670903073211 0.14741592840273268 0.12318189273291544 0.15646137357870132
0 0.4298627142443051 0.07479893380557887 0.1503504284886102 0.10828147881213827
0 0.4102671756136723 0.22527707594130594 0.1283159318225902 0.12410389988706054
0 0.5742496694047545 0.31957935473932675 0.09789510818516849 0.09434080517696727
0 0.6331300750145475 0.42175577574366185 0.07404302000387944 0.10694722099021767
0 0.6894268409355409 0.739936628346263 0.12337334030732094 0.12070588410204497
0 0.6875291142734001 0.8595665888837241 0.15028652667183912 0.14559946828879475
0 0.5996781700329743 0.9073222784450851 0.0648911606107628 0.1281851841585148
0 0.4295729641236189 0.8904169575536894 0.17225712152108805 0.16709503669052878
0 0.4385977935109164 0.7152195364787671 0.13689370636839726 0.13393392619541977
0 0.5387254682065048 0.6845071337491092 0.14209138939893542 0.14045694198043535
0 0.2880720218400471 0.5952648102974647 0.11505065727678296 0.11400085779368574
0 0.2304503247246834 0.7466383235222315 0.1694505991013128 0.2851169945971538
0 0.13228453638391469 0.5442042972844595 0.1959494551604494 0.247783594568919
0 0.1643324065278769 0.3462442103962868 0.23998649758410404 0.23479774715740262
0 0.42777289531798923 0.42068058120297785 0.1883923045516262 0.17425508930724706