0 0.6256974587841764 0.8736458642426358 0.3156271893698165 0.25270827151472836
0 0.7695565467854492 0.8859673041685021 0.265409013367271 0.22806539166299586
0 0.8571554494350409 0.7788468403656548 0.26595445337363444 0.3060417019915837
0 0.6019935927354968 0.5278473024392214 0.518463477402906 0.5303968943645205
0 0.714140698758723 0.7027877934535468 0.33036239871099793 0.3379663137871489
0 0.7879550806810902 0.4602853241235859 0.42408983863781946 0.45552089073632374
0 0.5897726666931806 0.21582845207640178 0.44829533338636124 0.40612109146196307
0 0.3043357007081345 0.3159722626986897 0.608671401416269 0.6319445253973794
0 0.26036171809354114 0.69453125 0.5116691320814508 0.6109375
0 0.8518170386696362 0.22192471777031644 0.2963659226607277 0.30724210344286257
0 0.9285522613383179 0.22381708918452836 0.14289547732336416 0.2409573606144387